%YAML:1.0
---
pairMat: !!opencv-matrix
   rows: 6
   cols: 2
   dt: i
   data: [ 0, 1, 0, 2, 0, 3, 1, 2, 1, 3, 2, 3 ]
matches_0:
   - [ 252, 344, 0, 2.8514556884765625e+02 ]
   - [ 258, 357, 0, 2.3537841796875000e+02 ]
   - [ 271, 372, 0, 2.2700880432128906e+02 ]
   - [ 289, 385, 0, 2.5522343444824219e+02 ]
   - [ 297, 387, 0, 1.5468678283691406e+02 ]
   - [ 311, 394, 0, 2.1366094970703125e+02 ]
   - [ 337, 424, 0, 2.2565238952636719e+02 ]
   - [ 340, 418, 0, 1.7895809936523438e+02 ]
   - [ 347, 442, 0, 2.0379891967773438e+02 ]
   - [ 349, 439, 0, 1.6888458251953125e+02 ]
   - [ 351, 441, 0, 1.7287278747558594e+02 ]
   - [ 353, 443, 0, 2.7224987792968750e+02 ]
   - [ 361, 446, 0, 2.2770155334472656e+02 ]
   - [ 368, 453, 0, 1.7073078918457031e+02 ]
   - [ 371, 461, 0, 2.2488885498046875e+02 ]
   - [ 376, 458, 0, 1.7784544372558594e+02 ]
   - [ 378, 459, 0, 2.1276277160644531e+02 ]
   - [ 380, 473, 0, 2.1227812194824219e+02 ]
   - [ 381, 465, 0, 2.0921759033203125e+02 ]
   - [ 385, 476, 0, 1.8349659729003906e+02 ]
   - [ 393, 490, 0, 2.2865695190429688e+02 ]
   - [ 394, 491, 0, 2.3540177917480469e+02 ]
   - [ 401, 500, 0, 1.0479026794433594e+02 ]
   - [ 403, 501, 0, 1.5045265197753906e+02 ]
   - [ 406, 519, 0, 1.7267309570312500e+02 ]
   - [ 410, 511, 0, 2.0124859619140625e+02 ]
   - [ 415, 516, 0, 2.2033837890625000e+02 ]
   - [ 439, 526, 0, 2.1544604492187500e+02 ]
   - [ 445, 537, 0, 1.9935145568847656e+02 ]
   - [ 451, 541, 0, 2.6589660644531250e+02 ]
   - [ 452, 543, 0, 2.1095022583007812e+02 ]
   - [ 457, 550, 0, 1.0905044555664062e+02 ]
   - [ 466, 559, 0, 1.8547506713867188e+02 ]
   - [ 467, 573, 0, 2.4441563415527344e+02 ]
   - [ 475, 577, 0, 1.7575836181640625e+02 ]
   - [ 482, 578, 0, 1.7454225158691406e+02 ]
   - [ 490, 582, 0, 1.7284385681152344e+02 ]
   - [ 493, 603, 0, 2.0057916259765625e+02 ]
   - [ 499, 608, 0, 1.7618455505371094e+02 ]
   - [ 505, 607, 0, 1.6557475280761719e+02 ]
   - [ 516, 623, 0, 1.2479984283447266e+02 ]
   - [ 520, 612, 0, 2.4577224731445312e+02 ]
   - [ 533, 635, 0, 1.1991246795654297e+02 ]
   - [ 534, 634, 0, 2.0691543579101562e+02 ]
   - [ 540, 643, 0, 1.2228655242919922e+02 ]
   - [ 541, 654, 0, 2.0448960876464844e+02 ]
   - [ 545, 661, 0, 1.8841708374023438e+02 ]
   - [ 552, 659, 0, 1.7822177124023438e+02 ]
   - [ 554, 660, 0, 1.4430523681640625e+02 ]
   - [ 566, 666, 0, 1.8628472900390625e+02 ]
   - [ 570, 665, 0, 2.8436068725585938e+02 ]
   - [ 573, 672, 0, 1.1228534698486328e+02 ]
   - [ 574, 671, 0, 2.2348602294921875e+02 ]
   - [ 576, 677, 0, 1.9670790100097656e+02 ]
   - [ 577, 675, 0, 1.7163624572753906e+02 ]
   - [ 578, 676, 0, 2.1380131530761719e+02 ]
   - [ 584, 687, 0, 2.2435017395019531e+02 ]
   - [ 589, 685, 0, 2.2497332763671875e+02 ]
   - [ 593, 691, 0, 2.3179948425292969e+02 ]
   - [ 618, 709, 0, 2.2344798278808594e+02 ]
   - [ 622, 715, 0, 2.6645449829101562e+02 ]
   - [ 641, 724, 0, 1.6786303710937500e+02 ]
   - [ 642, 722, 0, 1.9007629394531250e+02 ]
   - [ 650, 727, 0, 2.1118238830566406e+02 ]
   - [ 654, 733, 0, 1.4155917358398438e+02 ]
   - [ 662, 741, 0, 1.5542521667480469e+02 ]
   - [ 663, 743, 0, 2.2496444702148438e+02 ]
   - [ 673, 749, 0, 2.1909814453125000e+02 ]
   - [ 681, 754, 0, 1.8901322937011719e+02 ]
   - [ 690, 757, 0, 1.5609933471679688e+02 ]
   - [ 700, 774, 0, 2.4377859497070312e+02 ]
   - [ 713, 783, 0, 1.9919839477539062e+02 ]
   - [ 715, 780, 0, 1.7593180847167969e+02 ]
   - [ 716, 785, 0, 1.2097520446777344e+02 ]
   - [ 717, 786, 0, 1.3242733764648438e+02 ]
   - [ 728, 805, 0, 2.1979536437988281e+02 ]
   - [ 729, 806, 0, 1.7269047546386719e+02 ]
   - [ 739, 817, 0, 1.9407215881347656e+02 ]
   - [ 749, 826, 0, 1.7580102539062500e+02 ]
   - [ 752, 830, 0, 1.7976095581054688e+02 ]
   - [ 753, 827, 0, 1.5975920104980469e+02 ]
   - [ 756, 834, 0, 2.0875105285644531e+02 ]
   - [ 759, 836, 0, 2.0949224853515625e+02 ]
   - [ 763, 843, 0, 1.4096098327636719e+02 ]
   - [ 767, 846, 0, 2.2456625366210938e+02 ]
   - [ 768, 849, 0, 1.5930787658691406e+02 ]
   - [ 773, 851, 0, 1.8439360046386719e+02 ]
   - [ 774, 853, 0, 2.3203448486328125e+02 ]
   - [ 777, 862, 0, 1.5766737365722656e+02 ]
   - [ 778, 860, 0, 1.9785600280761719e+02 ]
   - [ 783, 871, 0, 1.8754733276367188e+02 ]
   - [ 791, 879, 0, 2.2414057922363281e+02 ]
   - [ 801, 883, 0, 1.7014698791503906e+02 ]
   - [ 806, 892, 0, 2.7103689575195312e+02 ]
   - [ 809, 893, 0, 2.1216032409667969e+02 ]
   - [ 810, 894, 0, 2.9397277832031250e+02 ]
   - [ 811, 899, 0, 1.5907545471191406e+02 ]
   - [ 813, 896, 0, 1.8285786437988281e+02 ]
   - [ 816, 915, 0, 1.9179937744140625e+02 ]
   - [ 818, 916, 0, 2.2634707641601562e+02 ]
   - [ 820, 905, 0, 2.1269461059570312e+02 ]
   - [ 821, 910, 0, 3.1462518310546875e+02 ]
   - [ 824, 917, 0, 1.7484278869628906e+02 ]
   - [ 825, 913, 0, 2.0955191040039062e+02 ]
   - [ 831, 909, 0, 2.7889065551757812e+02 ]
   - [ 833, 911, 0, 1.9868820190429688e+02 ]
   - [ 837, 921, 0, 1.9523063659667969e+02 ]
   - [ 839, 924, 0, 1.8487022399902344e+02 ]
   - [ 850, 926, 0, 2.1899085998535156e+02 ]
   - [ 854, 928, 0, 2.0634437561035156e+02 ]
   - [ 870, 937, 0, 1.1199553680419922e+02 ]
   - [ 871, 938, 0, 1.3223841857910156e+02 ]
   - [ 876, 943, 0, 1.3133924865722656e+02 ]
   - [ 878, 944, 0, 1.8412767028808594e+02 ]
   - [ 879, 945, 0, 2.5457022094726562e+02 ]
   - [ 880, 946, 0, 1.5667481994628906e+02 ]
   - [ 882, 959, 0, 1.9587240600585938e+02 ]
   - [ 884, 960, 0, 2.7117523193359375e+02 ]
   - [ 888, 963, 0, 2.2877062988281250e+02 ]
   - [ 889, 962, 0, 2.3323379516601562e+02 ]
   - [ 892, 980, 0, 1.4151678466796875e+02 ]
   - [ 896, 983, 0, 2.0567207336425781e+02 ]
   - [ 899, 985, 0, 2.5059529113769531e+02 ]
   - [ 908, 992, 0, 1.3911146545410156e+02 ]
   - [ 912, 996, 0, 1.7963296508789062e+02 ]
   - [ 913, 998, 0, 1.3276670837402344e+02 ]
   - [ 915, 994, 0, 1.9110469055175781e+02 ]
   - [ 917, 995, 0, 1.9134262084960938e+02 ]
   - [ 919, 1002, 0, 1.9000262451171875e+02 ]
   - [ 920, 1003, 0, 1.6802082824707031e+02 ]
   - [ 922, 1004, 0, 1.4760758972167969e+02 ]
   - [ 924, 1006, 0, 2.2403125000000000e+02 ]
   - [ 927, 1012, 0, 2.3567987060546875e+02 ]
   - [ 941, 1034, 0, 1.4305943298339844e+02 ]
   - [ 952, 1043, 0, 2.0673413085937500e+02 ]
   - [ 954, 1044, 0, 1.7042007446289062e+02 ]
   - [ 962, 1052, 0, 2.8965322875976562e+02 ]
   - [ 964, 1063, 0, 2.0733547973632812e+02 ]
   - [ 965, 1062, 0, 2.0277326965332031e+02 ]
   - [ 972, 1065, 0, 2.0148200988769531e+02 ]
   - [ 973, 1074, 0, 3.0301815795898438e+02 ]
   - [ 978, 1066, 0, 2.1997273254394531e+02 ]
   - [ 982, 1071, 0, 1.7050512695312500e+02 ]
   - [ 983, 1085, 0, 2.5220230102539062e+02 ]
   - [ 987, 1075, 0, 2.0810333251953125e+02 ]
   - [ 991, 1082, 0, 1.5414927673339844e+02 ]
   - [ 992, 1086, 0, 2.8302648925781250e+02 ]
   - [ 998, 1102, 0, 1.4793579101562500e+02 ]
   - [ 999, 1103, 0, 1.4301748657226562e+02 ]
   - [ 1002, 1106, 0, 2.4579463195800781e+02 ]
   - [ 1005, 1100, 0, 2.2267913818359375e+02 ]
   - [ 1007, 1108, 0, 2.0830746459960938e+02 ]
   - [ 1012, 1119, 0, 1.8655294799804688e+02 ]
   - [ 1014, 1120, 0, 2.2215534973144531e+02 ]
   - [ 1015, 1118, 0, 1.3851715087890625e+02 ]
   - [ 1016, 1117, 0, 2.6282312011718750e+02 ]
   - [ 1017, 1114, 0, 1.9309065246582031e+02 ]
   - [ 1019, 1121, 0, 2.1943336486816406e+02 ]
   - [ 1025, 1128, 0, 2.0747529602050781e+02 ]
   - [ 1031, 1132, 0, 1.9915823364257812e+02 ]
   - [ 1044, 1137, 0, 1.4368020629882812e+02 ]
   - [ 1048, 1147, 0, 2.4338652038574219e+02 ]
   - [ 1058, 1166, 0, 2.1158450317382812e+02 ]
   - [ 1061, 1171, 0, 1.5857490539550781e+02 ]
   - [ 1063, 1164, 0, 1.3933772277832031e+02 ]
   - [ 1064, 1172, 0, 1.5496450805664062e+02 ]
   - [ 1065, 1173, 0, 2.5538793945312500e+02 ]
   - [ 1066, 1175, 0, 1.2931356811523438e+02 ]
   - [ 1067, 1176, 0, 1.5649920654296875e+02 ]
   - [ 1072, 1174, 0, 1.8088670349121094e+02 ]
   - [ 1095, 1211, 0, 1.3206816101074219e+02 ]
   - [ 1099, 1200, 0, 1.4811145019531250e+02 ]
   - [ 1109, 1218, 0, 2.6139434814453125e+02 ]
