%YAML:1.0
---
desc: !!opencv-matrix
   rows: 500
   cols: 32
   dt: u
   data: [ 214, 220, 188, 182, 170, 100, 29, 190, 186, 222, 135, 53, 252,
       255, 107, 91, 135, 119, 253, 99, 116, 69, 186, 35, 235, 243, 127,
       159, 128, 113, 133, 83, 16, 132, 27, 253, 22, 227, 67, 235, 22, 0,
       202, 2, 119, 247, 40, 96, 89, 124, 10, 40, 43, 185, 57, 31, 249,
       166, 33, 84, 48, 42, 52, 34, 216, 185, 26, 184, 168, 173, 24, 214,
       170, 17, 160, 157, 159, 207, 64, 25, 135, 51, 205, 20, 58, 75,
       146, 21, 217, 193, 26, 120, 200, 0, 11, 18, 102, 146, 173, 147,
       172, 100, 136, 154, 138, 255, 145, 255, 192, 108, 221, 75, 205,
       69, 127, 151, 158, 69, 239, 208, 13, 18, 255, 252, 148, 237, 20,
       85, 240, 73, 30, 254, 13, 196, 87, 165, 148, 158, 130, 8, 247,
       209, 33, 83, 200, 244, 105, 98, 104, 103, 74, 45, 241, 227, 196,
       25, 48, 56, 116, 42, 92, 124, 63, 114, 35, 254, 51, 144, 232, 79,
       47, 28, 222, 247, 15, 59, 166, 117, 252, 74, 161, 225, 186, 100,
       211, 251, 96, 66, 194, 211, 71, 115, 109, 49, 190, 101, 32, 78,
       119, 48, 105, 168, 246, 12, 255, 115, 3, 59, 148, 84, 108, 106,
       201, 240, 241, 12, 199, 251, 97, 16, 74, 179, 66, 35, 72, 56, 247,
       87, 35, 107, 53, 0, 233, 138, 115, 56, 254, 119, 141, 191, 162,
       118, 236, 2, 1, 225, 161, 40, 5, 251, 112, 2, 194, 115, 71, 43,
       18, 226, 119, 69, 3, 134, 169, 118, 45, 53, 242, 194, 168, 135,
       132, 132, 46, 29, 234, 136, 192, 221, 167, 213, 21, 50, 82, 130,
       67, 132, 39, 237, 126, 39, 102, 104, 25, 135, 91, 121, 33, 140,
       237, 141, 11, 15, 6, 21, 220, 189, 205, 182, 216, 131, 193, 204,
       243, 248, 129, 125, 99, 134, 102, 66, 96, 100, 18, 112, 93, 237,
       64, 86, 225, 25, 184, 88, 34, 153, 68, 28, 200, 138, 78, 0, 14,
       43, 192, 145, 23, 220, 16, 123, 75, 88, 226, 11, 87, 199, 172,
       181, 140, 38, 78, 184, 134, 254, 154, 223, 195, 104, 91, 75, 221,
       199, 125, 247, 252, 65, 239, 32, 232, 67, 239, 245, 148, 127, 152,
       64, 53, 180, 126, 96, 243, 223, 48, 224, 237, 113, 111, 44, 94,
       154, 46, 48, 179, 61, 196, 48, 151, 177, 56, 92, 219, 217, 1, 71,
       232, 2, 75, 135, 193, 117, 127, 101, 114, 206, 123, 53, 57, 168,
       118, 104, 254, 23, 128, 117, 182, 61, 92, 104, 225, 156, 161, 78,
       231, 184, 32, 128, 0, 130, 7, 169, 85, 60, 26, 48, 57, 189, 178,
       64, 234, 200, 185, 124, 190, 218, 102, 240, 162, 49, 254, 3, 151,
       37, 154, 94, 147, 213, 43, 123, 72, 3, 11, 151, 90, 184, 147, 246,
       27, 196, 81, 186, 163, 89, 135, 88, 191, 215, 72, 214, 167, 247,
       253, 16, 27, 79, 154, 167, 153, 247, 26, 122, 34, 4, 167, 115,
       184, 252, 119, 114, 226, 233, 119, 247, 177, 7, 108, 56, 63, 247,
       0, 61, 35, 250, 68, 10, 114, 239, 170, 63, 243, 230, 116, 98, 226,
       209, 134, 235, 65, 186, 157, 243, 160, 44, 173, 151, 62, 59, 18,
       112, 180, 51, 64, 107, 135, 87, 124, 25, 51, 216, 139, 97, 236,
       183, 126, 196, 136, 80, 129, 41, 168, 221, 29, 255, 28, 207, 71,
       190, 86, 9, 204, 0, 183, 119, 32, 96, 193, 114, 8, 72, 107, 168,
       123, 63, 233, 167, 36, 80, 16, 26, 212, 58, 72, 48, 19, 96, 114,
       236, 115, 16, 33, 8, 106, 40, 182, 151, 9, 112, 18, 56, 76, 8, 3,
       144, 240, 13, 197, 188, 32, 106, 96, 3, 7, 51, 129, 157, 55, 91,
       229, 253, 177, 150, 255, 89, 126, 116, 188, 216, 166, 172, 135,
       58, 254, 24, 179, 184, 38, 247, 6, 26, 50, 194, 218, 68, 201, 237,
       240, 100, 81, 191, 189, 169, 71, 14, 63, 166, 162, 24, 239, 131,
       84, 93, 210, 239, 108, 2, 104, 103, 193, 186, 180, 248, 17, 56,
       60, 89, 194, 0, 229, 228, 145, 159, 189, 11, 174, 172, 31, 99,
       129, 88, 222, 98, 8, 239, 211, 78, 106, 46, 113, 100, 91, 255,
       164, 182, 95, 58, 156, 121, 145, 164, 189, 244, 216, 120, 201,
       189, 86, 223, 115, 27, 228, 28, 31, 211, 75, 57, 181, 154, 68, 58,
       190, 103, 58, 51, 251, 217, 5, 111, 250, 81, 234, 131, 47, 35,
       128, 3, 189, 61, 206, 204, 95, 235, 153, 221, 195, 232, 222, 140,
       221, 202, 194, 79, 157, 114, 221, 178, 172, 93, 157, 124, 223, 95,
       219, 212, 216, 185, 24, 248, 184, 12, 81, 190, 123, 152, 116, 72,
       159, 51, 64, 81, 165, 23, 125, 40, 186, 126, 147, 31, 251, 255,
       37, 108, 72, 160, 75, 3, 230, 114, 237, 131, 44, 34, 168, 156, 26,
       251, 147, 247, 209, 44, 221, 75, 221, 85, 127, 183, 163, 84, 207,
       0, 76, 2, 255, 244, 141, 249, 148, 49, 125, 136, 140, 191, 173,
       36, 84, 186, 134, 90, 140, 5, 247, 123, 27, 90, 193, 70, 125, 15,
       77, 65, 219, 49, 194, 231, 255, 29, 152, 116, 24, 26, 108, 120,
       182, 117, 169, 78, 117, 177, 233, 186, 39, 8, 222, 119, 1, 63,
       165, 84, 252, 42, 81, 225, 187, 32, 235, 251, 117, 22, 202, 243,
       199, 51, 100, 231, 140, 181, 172, 34, 204, 174, 134, 183, 154,
       159, 195, 104, 91, 11, 221, 199, 109, 247, 188, 97, 207, 32, 236,
       3, 255, 253, 148, 249, 220, 64, 240, 113, 115, 80, 98, 200, 117,
       69, 169, 8, 99, 40, 62, 215, 8, 181, 34, 190, 68, 74, 83, 155,
       178, 101, 245, 168, 0, 42, 98, 128, 199, 179, 114, 187, 122, 174,
       122, 192, 19, 72, 43, 77, 249, 175, 44, 223, 102, 80, 246, 187,
       135, 192, 14, 11, 170, 125, 251, 180, 42, 171, 49, 3, 39, 91, 56,
       32, 255, 120, 194, 201, 117, 86, 241, 22, 100, 40, 23, 151, 1, 59,
       34, 178, 100, 8, 16, 107, 50, 0, 83, 170, 112, 24, 98, 152, 198,
       171, 196, 165, 157, 163, 172, 42, 140, 141, 90, 179, 131, 88, 215,
       40, 88, 74, 211, 71, 105, 57, 50, 100, 201, 2, 140, 150, 255, 116,
       132, 122, 209, 0, 86, 105, 215, 114, 194, 203, 190, 192, 59, 178,
       249, 138, 127, 254, 5, 24, 183, 255, 127, 210, 32, 243, 139, 248,
       189, 190, 79, 50, 225, 115, 3, 162, 114, 43, 128, 172, 57, 4, 90,
       26, 3, 172, 172, 141, 163, 195, 83, 84, 220, 204, 109, 108, 142,
       67, 211, 155, 211, 252, 129, 185, 18, 167, 82, 82, 42, 34, 109,
       185, 108, 137, 153, 74, 134, 244, 144, 171, 145, 204, 82, 10, 79,
       137, 255, 133, 142, 103, 239, 145, 92, 1, 171, 189, 85, 140, 22,
       211, 34, 35, 119, 73, 75, 91, 160, 73, 123, 48, 241, 242, 9, 132,
       196, 188, 62, 157, 226, 194, 209, 246, 231, 208, 23, 88, 83, 102,
       71, 133, 231, 165, 255, 118, 13, 167, 75, 87, 22, 56, 19, 238,
       149, 239, 86, 30, 66, 19, 29, 237, 253, 231, 237, 87, 249, 14,
       251, 67, 237, 179, 40, 38, 30, 83, 56, 252, 123, 120, 83, 237,
       113, 87, 240, 7, 108, 56, 63, 213, 0, 49, 34, 186, 196, 24, 114,
       191, 176, 55, 115, 233, 48, 105, 98, 128, 198, 171, 134, 225, 213,
       241, 246, 75, 182, 232, 123, 48, 50, 72, 222, 120, 13, 25, 191,
       85, 126, 115, 113, 240, 73, 216, 189, 154, 71, 118, 196, 123, 131,
       160, 96, 58, 83, 104, 114, 233, 113, 18, 57, 9, 126, 104, 183, 23,
       129, 60, 6, 56, 68, 8, 3, 184, 160, 13, 197, 176, 48, 168, 194,
       193, 71, 171, 88, 36, 82, 248, 165, 233, 126, 103, 253, 2, 186,
       25, 191, 235, 17, 25, 187, 163, 77, 171, 56, 35, 193, 159, 242,
       247, 147, 57, 230, 208, 207, 2, 216, 114, 122, 112, 114, 232, 81,
       18, 179, 191, 182, 185, 47, 151, 194, 31, 39, 183, 205, 16, 42,
       79, 160, 3, 210, 241, 49, 251, 98, 128, 6, 99, 32, 52, 119, 87,
       65, 239, 99, 114, 233, 2, 111, 8, 54, 23, 4, 53, 128, 58, 66, 42,
       33, 244, 48, 44, 71, 218, 16, 18, 66, 91, 70, 171, 168, 221, 29,
       255, 29, 237, 71, 191, 86, 9, 204, 16, 247, 53, 32, 97, 193, 114,
       8, 8, 59, 168, 121, 63, 233, 231, 52, 80, 16, 72, 148, 122, 192,
       117, 19, 71, 81, 207, 103, 52, 120, 104, 107, 8, 118, 215, 8, 49,
       176, 60, 76, 106, 97, 180, 176, 47, 229, 184, 32, 66, 64, 18, 199,
       163, 196, 78, 158, 190, 204, 2, 39, 254, 180, 143, 202, 183, 213,
       227, 35, 66, 125, 228, 42, 226, 96, 215, 139, 46, 124, 167, 238,
       9, 160, 251, 181, 11, 236, 244, 149, 82, 233, 109, 103, 136, 250,
       251, 37, 24, 94, 119, 73, 190, 177, 86, 104, 122, 35, 101, 186,
