%YAML:1.0
---
desc: !!opencv-matrix
   rows: 500
   cols: 32
   dt: u
   data: [ 61, 48, 186, 38, 116, 47, 83, 88, 120, 79, 99, 29, 95, 88, 30,
       56, 176, 137, 68, 39, 140, 176, 56, 10, 211, 221, 32, 0, 200, 67,
       66, 66, 180, 237, 197, 23, 154, 2, 134, 172, 86, 178, 171, 198,
       67, 98, 45, 195, 89, 230, 40, 242, 109, 240, 79, 46, 40, 166, 199,
       20, 225, 123, 112, 140, 228, 113, 61, 103, 224, 79, 119, 56, 121,
       174, 103, 24, 214, 119, 9, 59, 148, 84, 124, 106, 97, 244, 249,
       10, 231, 187, 101, 20, 64, 243, 198, 163, 198, 232, 195, 148, 239,
       8, 96, 235, 27, 184, 64, 122, 76, 243, 224, 223, 115, 108, 51, 28,
       66, 94, 138, 208, 28, 50, 215, 238, 134, 36, 81, 169, 162, 144,
       76, 251, 217, 135, 245, 139, 190, 27, 101, 21, 112, 211, 42, 93,
       113, 43, 123, 158, 114, 196, 90, 255, 77, 235, 251, 207, 27, 0,
       240, 178, 73, 189, 63, 123, 176, 206, 115, 55, 233, 72, 110, 76,
       190, 183, 0, 113, 164, 55, 92, 8, 241, 184, 176, 47, 231, 251, 96,
       64, 72, 128, 231, 123, 68, 26, 188, 85, 172, 46, 229, 183, 206,
       182, 54, 84, 211, 33, 81, 11, 5, 118, 104, 42, 224, 244, 219, 8,
       77, 170, 117, 20, 200, 248, 84, 40, 169, 253, 63, 103, 129, 78,
       119, 181, 125, 74, 110, 12, 254, 55, 0, 49, 176, 118, 124, 106,
       65, 184, 49, 45, 231, 251, 96, 0, 74, 51, 199, 243, 74, 168, 211,
       149, 119, 75, 105, 79, 27, 185, 82, 123, 108, 243, 192, 221, 51,
       108, 55, 28, 2, 220, 137, 217, 156, 58, 255, 166, 38, 164, 19,
       171, 31, 161, 194, 193, 147, 30, 109, 77, 35, 165, 15, 146, 76,
       167, 94, 166, 55, 158, 216, 188, 16, 217, 189, 194, 255, 28, 141,
       101, 163, 166, 171, 100, 220, 35, 132, 181, 141, 43, 196, 143,
       146, 183, 130, 155, 195, 105, 81, 138, 25, 86, 233, 17, 24, 97,
       203, 130, 136, 199, 213, 53, 230, 253, 220, 0, 216, 248, 255, 118,
       42, 204, 53, 151, 184, 31, 166, 56, 55, 151, 0, 59, 39, 119, 125,
       0, 112, 77, 178, 35, 211, 235, 116, 24, 224, 144, 135, 123, 88,
       189, 59, 120, 80, 204, 113, 119, 240, 65, 236, 8, 55, 215, 0, 48,
       162, 186, 92, 8, 27, 43, 178, 55, 243, 237, 48, 104, 96, 128, 198,
       59, 248, 185, 58, 112, 112, 205, 113, 115, 160, 72, 100, 8, 54,
       151, 0, 48, 164, 186, 85, 8, 3, 235, 178, 29, 211, 201, 48, 104,
       104, 128, 70, 187, 48, 110, 125, 188, 94, 187, 152, 74, 86, 183,
       240, 218, 239, 136, 209, 171, 143, 189, 198, 161, 174, 118, 230,
       159, 159, 199, 123, 251, 117, 137, 15, 237, 242, 2, 236, 221, 28,
       182, 200, 11, 174, 21, 226, 214, 224, 234, 20, 86, 204, 100, 123,
       157, 144, 205, 211, 85, 7, 58, 219, 90, 85, 0, 244, 46, 227, 42,
       46, 24, 41, 157, 200, 90, 175, 126, 148, 221, 160, 134, 150, 255,
       204, 32, 254, 143, 254, 79, 230, 240, 151, 89, 218, 187, 18, 140,
       94, 252, 21, 20, 61, 45, 168, 38, 159, 216, 116, 194, 177, 128,
       211, 124, 27, 43, 95, 213, 92, 227, 173, 227, 125, 12, 193, 235,
       103, 28, 245, 243, 35, 192, 240, 124, 63, 118, 160, 109, 117, 246,
       248, 86, 230, 24, 55, 247, 1, 59, 161, 118, 108, 10, 105, 229,
       178, 42, 243, 171, 116, 16, 64, 241, 198, 122, 76, 247, 253, 103,
       178, 78, 127, 185, 57, 126, 127, 237, 223, 55, 138, 19, 183, 87,
       237, 98, 241, 208, 233, 44, 231, 251, 101, 180, 226, 242, 135,
       115, 116, 124, 57, 103, 168, 78, 87, 189, 48, 10, 238, 8, 215,
       115, 1, 59, 149, 221, 124, 42, 104, 242, 217, 46, 227, 239, 101,
       20, 96, 242, 198, 35, 97, 53, 121, 102, 240, 46, 67, 156, 96, 41,
       111, 72, 215, 51, 8, 48, 20, 222, 84, 122, 153, 178, 249, 44, 239,
       141, 36, 36, 64, 211, 194, 33, 233, 61, 212, 151, 188, 43, 82,
       158, 219, 249, 190, 61, 238, 121, 195, 31, 131, 102, 108, 28, 53,
       109, 207, 170, 238, 58, 117, 246, 206, 253, 216, 31, 150, 51, 118,
       88, 202, 113, 180, 99, 237, 83, 245, 250, 9, 190, 166, 63, 46,
       151, 226, 130, 181, 107, 166, 208, 18, 184, 82, 235, 205, 129,
       175, 151, 9, 33, 26, 169, 72, 2, 184, 83, 100, 224, 222, 135, 149,
       26, 19, 96, 126, 173, 122, 181, 205, 178, 213, 76, 212, 161, 170,
       0, 109, 128, 41, 154, 16, 185, 114, 99, 170, 137, 177, 65, 238,
       61, 243, 167, 175, 154, 206, 4, 46, 25, 78, 81, 82, 185, 135, 209,
       208, 200, 34, 194, 109, 2, 167, 139, 37, 99, 120, 103, 244, 31,
       118, 56, 105, 172, 127, 77, 195, 40, 159, 48, 156, 204, 68, 111,
       204, 176, 109, 28, 102, 221, 37, 55, 72, 191, 218, 133, 98, 168,
       134, 124, 73, 131, 200, 104, 247, 145, 224, 139, 233, 233, 124,
       207, 88, 237, 107, 205, 10, 227, 207, 217, 29, 58, 203, 56, 195,
       40, 96, 134, 174, 47, 249, 125, 206, 185, 188, 223, 198, 166, 248,
       218, 171, 232, 221, 163, 143, 255, 206, 145, 190, 114, 231, 178,
       61, 193, 15, 185, 245, 249, 135, 229, 99, 237, 138, 212, 217, 221,
       68, 230, 154, 177, 108, 8, 48, 182, 118, 240, 201, 110, 50, 92,
       78, 90, 210, 179, 63, 29, 149, 123, 128, 28, 218, 142, 247, 168,
       216, 208, 217, 84, 88, 200, 211, 180, 164, 24, 2, 218, 71, 51,
       201, 221, 248, 248, 110, 79, 250, 210, 219, 216, 133, 127, 129,
       32, 106, 6, 97, 38, 249, 247, 228, 42, 101, 63, 122, 163, 107,
       104, 240, 49, 200, 122, 83, 110, 112, 25, 144, 218, 205, 32, 92,
       46, 253, 32, 132, 250, 214, 168, 103, 139, 132, 95, 205, 20, 78,
       188, 211, 147, 168, 68, 200, 226, 93, 222, 217, 78, 40, 222, 223,
       66, 219, 241, 46, 254, 199, 110, 154, 246, 232, 132, 226, 168,
       197, 148, 205, 121, 72, 139, 139, 177, 0, 139, 64, 245, 84, 214,
       193, 229, 251, 157, 3, 95, 219, 144, 29, 122, 221, 254, 132, 108,
       18, 58, 46, 99, 34, 104, 121, 133, 139, 72, 170, 12, 240, 13, 8,
       202, 55, 16, 220, 41, 79, 101, 136, 35, 162, 156, 49, 252, 139,
       190, 80, 54, 102, 231, 103, 197, 197, 135, 141, 63, 78, 168, 19,
       243, 171, 221, 194, 100, 95, 158, 221, 196, 232, 126, 61, 96, 89,
       160, 174, 222, 197, 116, 218, 255, 216, 84, 116, 20, 153, 103,
       164, 46, 167, 191, 114, 162, 106, 204, 215, 33, 73, 74, 23, 126,
       32, 46, 217, 244, 217, 10, 236, 175, 101, 52, 200, 250, 193, 56,
       57, 135, 106, 69, 148, 31, 71, 117, 100, 236, 254, 70, 115, 1,
       178, 48, 120, 174, 4, 110, 220, 185, 37, 31, 123, 173, 32, 192,
       99, 170, 250, 105, 139, 234, 132, 191, 217, 150, 172, 255, 158,
       119, 192, 213, 228, 234, 114, 194, 197, 111, 251, 213, 246, 77,
       223, 243, 46, 119, 223, 252, 158, 52, 153, 220, 100, 54, 249, 245,
       228, 42, 117, 186, 122, 163, 106, 104, 247, 112, 201, 122, 181,
       222, 96, 18, 144, 244, 219, 34, 93, 174, 245, 4, 132, 249, 214,
       40, 64, 238, 63, 246, 40, 141, 189, 214, 170, 26, 176, 104, 183,
       255, 192, 26, 167, 119, 125, 0, 130, 107, 130, 113, 241, 191, 119,
       184, 192, 64, 131, 171, 36, 175, 105, 97, 148, 235, 139, 202, 74,
       189, 57, 8, 147, 8, 93, 0, 155, 13, 87, 49, 18, 176, 77, 20, 13,
       140, 41, 245, 213, 75, 87, 129, 161, 253, 24, 79, 117, 159, 86,
       181, 125, 232, 125, 92, 218, 24, 22, 176, 152, 40, 86, 76, 253,
       62, 120, 31, 47, 217, 5, 54, 74, 154, 74, 207, 184, 240, 59, 120,
       89, 205, 81, 86, 225, 65, 228, 24, 63, 159, 0, 48, 160, 152, 84,
       24, 11, 47, 50, 21, 211, 201, 48, 121, 104, 0, 70, 58, 239, 227,
       132, 183, 157, 15, 64, 188, 139, 185, 138, 92, 198, 97, 88, 134,
       193, 70, 125, 93, 202, 109, 219, 178, 169, 210, 205, 116, 138,
       106, 88, 40, 203, 188, 188, 185, 169, 188, 24, 191, 187, 95, 12,
       29, 190, 190, 74, 251, 135, 19, 253, 21, 183, 76, 243, 247, 207,
       243, 90, 251, 138, 68, 143, 95, 124, 188, 156, 114, 168, 237, 87,
       187, 178, 191, 188, 60, 87, 115, 72, 18, 135, 214, 125, 26, 58,
       99, 250, 51, 251, 203, 117, 252, 232, 241, 194, 19, 72, 53, 25,
       229, 48, 206, 120, 55, 41, 105, 110, 125, 189, 55, 0, 82, 134, 63,
       125, 32, 209, 88, 209, 78, 231, 253, 58, 132, 8, 128, 139, 27,
       208, 252, 156, 240, 168, 108, 85, 158, 178, 251, 182, 60, 151, 55,
