%YAML:1.0
---
desc: !!opencv-matrix
   rows: 500
   cols: 32
   dt: u
   data: [ 138, 159, 126, 90, 243, 212, 54, 253, 191, 25, 116, 116, 108,
       247, 172, 117, 183, 27, 151, 64, 243, 216, 58, 255, 111, 255, 20,
       195, 123, 208, 175, 191, 64, 188, 59, 103, 35, 79, 119, 38, 121,
       2, 110, 8, 182, 55, 0, 48, 178, 62, 72, 10, 65, 188, 177, 43, 231,
       191, 80, 2, 64, 32, 71, 43, 124, 247, 220, 103, 168, 110, 119,
       184, 34, 174, 174, 13, 87, 103, 11, 18, 177, 196, 109, 106, 104,
       241, 217, 42, 255, 239, 101, 21, 224, 243, 206, 3, 108, 43, 50,
       98, 217, 180, 202, 80, 226, 173, 173, 72, 136, 203, 89, 144, 220,
       255, 74, 218, 138, 99, 202, 240, 219, 153, 143, 57, 195, 83, 238,
       128, 252, 40, 173, 246, 141, 121, 80, 11, 163, 183, 165, 25, 99,
       225, 67, 27, 137, 246, 232, 18, 62, 67, 251, 32, 219, 195, 197,
       125, 162, 233, 214, 66, 76, 116, 189, 103, 128, 79, 87, 184, 121,
       170, 167, 8, 223, 119, 9, 59, 145, 84, 124, 106, 97, 224, 249, 44,
       233, 251, 69, 20, 66, 115, 199, 115, 244, 99, 217, 228, 158, 74,
       71, 105, 34, 172, 130, 234, 87, 3, 193, 82, 50, 220, 76, 114, 120,
       87, 201, 10, 248, 132, 37, 180, 32, 187, 150, 33, 252, 184, 189,
       114, 137, 109, 84, 139, 131, 246, 165, 25, 67, 247, 65, 219, 201,
       215, 233, 18, 26, 71, 219, 48, 219, 193, 85, 127, 241, 113, 78,
       114, 165, 236, 75, 75, 208, 79, 239, 239, 116, 160, 232, 90, 80,
       117, 156, 52, 121, 94, 82, 234, 113, 186, 121, 127, 37, 14, 133,
       68, 65, 90, 194, 176, 242, 166, 164, 180, 44, 233, 89, 7, 187,
       247, 130, 185, 167, 172, 210, 31, 129, 239, 237, 21, 46, 77, 231,
       130, 216, 114, 221, 251, 132, 68, 22, 126, 71, 103, 173, 7, 180,
       126, 239, 184, 122, 234, 155, 72, 210, 100, 221, 167, 16, 68, 124,
       127, 161, 225, 237, 42, 44, 60, 173, 188, 196, 251, 87, 117, 75,
       188, 180, 186, 169, 252, 28, 151, 171, 91, 168, 29, 174, 190, 66,
       91, 135, 115, 253, 5, 183, 73, 242, 243, 203, 247, 88, 59, 154,
       85, 143, 95, 148, 207, 113, 119, 166, 43, 103, 180, 117, 42, 218,
       99, 227, 121, 137, 73, 123, 239, 38, 239, 248, 244, 77, 127, 228,
       170, 231, 128, 101, 115, 160, 35, 76, 126, 124, 245, 34, 110, 127,
       55, 57, 238, 102, 173, 223, 119, 131, 83, 183, 119, 253, 38, 225,
       208, 233, 76, 230, 255, 103, 128, 40, 240, 135, 115, 213, 101,
       140, 183, 168, 46, 79, 152, 178, 190, 131, 93, 215, 226, 89, 91,
       149, 197, 109, 255, 232, 69, 217, 42, 248, 162, 237, 180, 136,
       115, 131, 19, 81, 241, 159, 103, 40, 14, 85, 60, 170, 185, 167,
       72, 247, 117, 72, 51, 132, 84, 108, 106, 73, 225, 251, 40, 233,
       170, 101, 20, 224, 178, 195, 105, 213, 48, 157, 180, 172, 76, 65,
       19, 170, 251, 130, 92, 215, 55, 72, 27, 133, 84, 108, 16, 25, 69,
       219, 0, 153, 179, 117, 118, 128, 40, 147, 51, 240, 143, 123, 116,
       86, 6, 111, 117, 112, 142, 126, 90, 115, 97, 156, 49, 54, 254, 4,
       234, 232, 246, 160, 47, 113, 170, 101, 0, 101, 240, 230, 169, 248,
       36, 157, 244, 13, 79, 85, 15, 50, 182, 162, 25, 67, 51, 64, 155,
       137, 212, 237, 16, 104, 79, 233, 10, 217, 195, 213, 61, 160, 104,
       86, 106, 211, 127, 142, 183, 154, 22, 62, 142, 60, 198, 202, 231,
       237, 238, 87, 211, 183, 103, 249, 247, 229, 209, 157, 238, 182,
       99, 207, 131, 44, 118, 171, 92, 230, 55, 129, 145, 204, 43, 175,
       95, 30, 183, 145, 255, 196, 229, 65, 11, 93, 222, 107, 179, 56,
       67, 235, 114, 189, 18, 223, 188, 197, 121, 151, 240, 116, 229,
       219, 230, 214, 74, 71, 205, 50, 160, 105, 42, 87, 243, 73, 16, 48,
       252, 5, 114, 88, 27, 136, 44, 249, 133, 37, 60, 33, 186, 214, 34,
       160, 37, 103, 69, 80, 107, 239, 112, 52, 160, 110, 2, 83, 53, 16,
       49, 120, 220, 82, 106, 97, 248, 113, 14, 101, 138, 129, 4, 97,
       202, 70, 176, 126, 160, 132, 250, 141, 117, 20, 203, 130, 51, 133,
       24, 206, 226, 73, 143, 201, 211, 233, 178, 30, 67, 218, 177, 155,
       211, 223, 127, 146, 125, 190, 6, 96, 118, 185, 247, 100, 46, 119,
       54, 122, 163, 75, 108, 247, 32, 72, 122, 151, 126, 96, 1, 144,
       220, 217, 34, 221, 166, 125, 0, 172, 248, 212, 40, 124, 48, 189,
       118, 136, 109, 85, 24, 130, 255, 167, 25, 215, 247, 75, 26, 1,
       214, 236, 16, 24, 67, 251, 0, 219, 129, 117, 61, 160, 120, 134,
       114, 196, 253, 189, 119, 177, 111, 119, 191, 250, 247, 46, 24,
       246, 247, 73, 51, 177, 118, 120, 10, 115, 237, 187, 63, 235, 255,
       85, 20, 192, 113, 199, 122, 124, 161, 233, 50, 153, 121, 81, 142,
       131, 181, 168, 153, 67, 175, 76, 218, 201, 214, 237, 16, 26, 75,
       251, 48, 155, 209, 21, 127, 225, 108, 198, 114, 85, 249, 157, 229,
       136, 78, 83, 184, 162, 177, 166, 8, 214, 117, 72, 50, 1, 86, 104,
       120, 91, 97, 251, 1, 201, 130, 69, 116, 168, 122, 129, 50, 80, 91,
       73, 77, 18, 2, 175, 60, 54, 224, 106, 199, 241, 39, 129, 80, 118,
       108, 51, 238, 193, 144, 93, 31, 100, 174, 171, 0, 61, 178, 97, 56,
       152, 160, 201, 113, 164, 249, 248, 207, 54, 123, 112, 179, 151,
       173, 88, 137, 187, 26, 183, 17, 23, 252, 129, 51, 207, 199, 117,
       229, 229, 200, 223, 154, 230, 238, 135, 62, 204, 34, 238, 206,
       247, 131, 235, 219, 67, 233, 57, 74, 89, 238, 106, 71, 120, 231,
       207, 98, 60, 166, 215, 12, 225, 123, 240, 0, 84, 128, 188, 109,
       168, 42, 77, 168, 228, 58, 139, 192, 215, 122, 152, 122, 163, 213,
       124, 163, 25, 193, 207, 65, 192, 175, 107, 148, 168, 227, 1, 1,
       236, 125, 17, 103, 57, 79, 71, 156, 99, 168, 167, 40, 210, 23, 1,
       180, 144, 244, 108, 106, 41, 60, 249, 62, 231, 217, 33, 52, 66,
       51, 70, 42, 216, 60, 189, 116, 137, 236, 81, 27, 186, 19, 164, 24,
       151, 247, 65, 59, 133, 87, 121, 0, 42, 69, 210, 3, 211, 235, 81,
       56, 224, 65, 6, 34, 124, 162, 160, 242, 141, 89, 65, 143, 163,
       181, 174, 25, 131, 225, 74, 146, 1, 198, 236, 16, 30, 79, 235, 18,
       251, 197, 149, 125, 162, 170, 214, 74, 232, 44, 189, 117, 137,
       122, 85, 39, 243, 182, 166, 24, 162, 55, 67, 255, 129, 118, 232,
       8, 104, 77, 241, 138, 203, 211, 213, 19, 130, 120, 212, 106, 101,
       85, 28, 45, 56, 10, 131, 184, 62, 160, 234, 101, 214, 115, 131,
       82, 210, 68, 125, 102, 32, 192, 203, 14, 228, 175, 111, 20, 88,
       51, 81, 3, 252, 228, 148, 51, 153, 127, 82, 204, 19, 183, 165, 25,
       203, 115, 75, 159, 217, 198, 232, 190, 58, 70, 219, 50, 155, 223,
       21, 127, 242, 127, 206, 98, 105, 60, 247, 117, 37, 125, 112, 18,
       249, 99, 102, 24, 187, 189, 20, 187, 132, 118, 252, 8, 165, 253,
       176, 168, 71, 251, 80, 51, 202, 228, 66, 42, 213, 206, 140, 183,
       190, 42, 94, 172, 62, 183, 139, 147, 199, 106, 26, 67, 243, 71,
       109, 103, 124, 197, 207, 47, 232, 167, 239, 85, 36, 123, 145, 64,
       117, 180, 136, 136, 141, 61, 68, 202, 79, 51, 172, 12, 134, 120,
       79, 43, 217, 192, 74, 61, 15, 103, 91, 17, 157, 154, 205, 124,
       216, 121, 90, 4, 248, 28, 189, 117, 137, 126, 69, 63, 210, 242,
       166, 24, 147, 53, 67, 123, 193, 86, 232, 40, 105, 109, 243, 10,
       203, 219, 85, 53, 162, 120, 196, 122, 81, 177, 185, 164, 56, 12,
       83, 152, 106, 201, 171, 105, 215, 243, 72, 114, 150, 221, 124, 64,
       159, 72, 203, 1, 217, 245, 39, 252, 8, 162, 35, 51, 93, 124, 156,
       96, 129, 63, 87, 154, 122, 186, 174, 28, 159, 51, 1, 251, 145,
       197, 108, 122, 41, 114, 209, 58, 249, 239, 101, 52, 202, 113, 11,
       34, 39, 46, 34, 155, 157, 173, 171, 82, 127, 101, 217, 95, 162,
       201, 26, 12, 93, 138, 91, 157, 190, 179, 208, 247, 213, 20, 155,
       120, 75, 77, 147, 132, 100, 251, 24, 104, 112, 206, 83, 152, 51,
       104, 245, 44, 23, 19, 131, 16, 22, 153, 85, 122, 10, 18, 200, 31,
       246, 173, 32, 236, 40, 147, 6, 179, 93, 252, 210, 50, 163, 216,
       22, 194, 255, 114, 230, 168, 255, 254, 195, 112, 163, 255, 236,
       195, 109, 95, 173, 250, 248, 231, 79, 35, 106, 119, 47, 7, 213,
