%YAML:1.0
---
desc: !!opencv-matrix
   rows: 500
   cols: 32
   dt: u
   data: [ 71, 52, 237, 4, 192, 76, 111, 147, 35, 247, 47, 221, 83, 52,
       93, 58, 21, 70, 121, 30, 149, 82, 189, 2, 79, 31, 69, 188, 200,
       246, 134, 112, 18, 99, 55, 69, 19, 91, 170, 65, 109, 32, 251, 226,
       239, 14, 132, 164, 54, 149, 238, 226, 193, 177, 37, 238, 177, 244,
       10, 2, 99, 135, 37, 45, 36, 54, 149, 243, 233, 43, 85, 9, 187,
       187, 169, 56, 214, 243, 73, 27, 129, 86, 104, 18, 56, 101, 203,
       16, 205, 146, 85, 118, 224, 123, 134, 35, 103, 0, 236, 17, 172,
       51, 140, 139, 214, 247, 159, 183, 193, 108, 223, 175, 95, 71, 249,
       191, 189, 97, 239, 128, 14, 31, 207, 247, 157, 255, 216, 84, 188,
       184, 115, 90, 242, 233, 113, 208, 249, 31, 101, 56, 31, 215, 8,
       61, 35, 154, 68, 24, 51, 175, 34, 53, 83, 170, 112, 74, 226, 193,
       199, 163, 100, 174, 26, 90, 192, 41, 102, 168, 121, 18, 101, 104,
       70, 115, 137, 149, 49, 86, 72, 106, 97, 32, 138, 51, 166, 163, 69,
       23, 194, 243, 74, 1, 156, 149, 151, 222, 159, 83, 7, 238, 214,
       179, 192, 50, 66, 245, 41, 229, 89, 82, 234, 114, 115, 107, 123,
       187, 185, 166, 23, 127, 146, 120, 165, 174, 230, 183, 165, 147,
       236, 47, 141, 253, 26, 183, 144, 253, 194, 109, 93, 11, 93, 215,
       107, 247, 184, 103, 203, 114, 189, 18, 221, 188, 197, 120, 150,
       240, 204, 124, 17, 113, 241, 110, 87, 178, 49, 226, 104, 24, 159,
       55, 1, 240, 3, 188, 72, 24, 57, 158, 241, 62, 237, 247, 5, 98,
       202, 241, 6, 50, 160, 243, 29, 219, 236, 205, 165, 190, 222, 25,
       112, 120, 180, 213, 200, 33, 201, 26, 98, 80, 67, 104, 106, 49,
       109, 144, 62, 122, 16, 24, 133, 187, 126, 103, 100, 108, 73, 7,
       79, 120, 33, 174, 232, 141, 75, 15, 23, 21, 220, 212, 237, 238,
       232, 167, 209, 140, 243, 250, 193, 28, 99, 183, 102, 210, 164,
       164, 201, 187, 244, 233, 225, 9, 94, 53, 65, 155, 151, 65, 88, 8,
       91, 10, 3, 25, 50, 124, 105, 23, 205, 135, 187, 117, 212, 8, 213,
       226, 112, 54, 84, 106, 82, 9, 65, 152, 97, 2, 228, 88, 7, 83, 8,
       148, 18, 144, 64, 40, 51, 166, 130, 55, 129, 198, 0, 88, 106, 147,
       70, 161, 228, 32, 63, 65, 225, 105, 97, 154, 121, 136, 116, 56,
       242, 117, 137, 60, 176, 86, 68, 88, 33, 244, 161, 38, 69, 154,
       116, 82, 194, 17, 70, 163, 164, 22, 22, 71, 225, 107, 102, 200,
       120, 39, 103, 56, 70, 113, 9, 157, 177, 80, 72, 106, 32, 229, 8,
       34, 133, 183, 64, 23, 192, 115, 74, 162, 228, 240, 21, 67, 25,
       205, 64, 184, 115, 176, 161, 72, 214, 19, 72, 245, 16, 20, 104,
       90, 67, 100, 219, 52, 139, 152, 5, 126, 74, 3, 66, 48, 220, 60,
       254, 114, 163, 251, 180, 67, 250, 122, 181, 56, 30, 156, 231, 185,
       163, 55, 204, 19, 55, 101, 136, 82, 210, 195, 115, 55, 201, 113,
       143, 135, 184, 185, 55, 95, 33, 239, 113, 224, 236, 25, 118, 56,
       54, 149, 136, 53, 160, 50, 68, 74, 17, 185, 48, 37, 115, 218, 96,
       2, 66, 1, 199, 163, 32, 28, 127, 81, 32, 239, 65, 70, 236, 47,
       110, 8, 182, 149, 5, 56, 136, 50, 76, 8, 9, 189, 113, 61, 199,
       223, 48, 16, 64, 90, 70, 42, 208, 48, 223, 124, 130, 74, 85, 15,
       248, 18, 224, 40, 23, 151, 1, 58, 50, 20, 76, 40, 99, 205, 162, 0,
       211, 235, 36, 1, 96, 96, 199, 43, 116, 189, 157, 98, 136, 111, 87,
       157, 34, 186, 172, 8, 87, 55, 1, 50, 1, 214, 108, 74, 89, 107,
       251, 48, 249, 235, 101, 52, 224, 243, 134, 34, 192, 180, 30, 80,
       112, 200, 116, 23, 249, 19, 228, 56, 54, 147, 0, 31, 35, 182, 72,
       8, 99, 79, 130, 31, 147, 163, 80, 27, 106, 192, 202, 137, 218,
       176, 19, 176, 27, 200, 19, 192, 171, 5, 139, 185, 14, 215, 104,
       212, 166, 189, 237, 16, 18, 9, 184, 215, 153, 244, 11, 127, 34, 6,
       39, 115, 92, 169, 10, 178, 152, 140, 91, 176, 162, 113, 165, 13,
       223, 195, 74, 18, 165, 215, 93, 222, 27, 75, 216, 55, 217, 231,
       175, 124, 168, 3, 139, 18, 36, 106, 137, 225, 236, 105, 201, 202,
       6, 183, 153, 186, 145, 193, 201, 10, 73, 200, 106, 218, 2, 102,
       235, 18, 76, 132, 247, 60, 212, 249, 22, 224, 84, 17, 151, 231,
       130, 102, 53, 31, 162, 187, 139, 80, 221, 55, 72, 123, 167, 87,
       121, 152, 49, 209, 155, 0, 201, 226, 127, 70, 136, 112, 161, 51,
       60, 52, 241, 88, 210, 109, 69, 223, 115, 63, 108, 40, 115, 119,
       73, 60, 51, 218, 68, 40, 41, 50, 232, 19, 123, 142, 101, 60, 226,
       240, 198, 163, 204, 253, 81, 104, 211, 79, 71, 250, 51, 41, 236,
       56, 30, 23, 65, 244, 19, 152, 198, 120, 123, 30, 112, 122, 253,
       213, 5, 110, 178, 177, 166, 179, 200, 21, 63, 101, 160, 79, 55,
       53, 56, 170, 126, 120, 254, 55, 129, 51, 182, 117, 108, 42, 97,
       244, 177, 14, 229, 251, 96, 146, 64, 242, 135, 115, 241, 190, 114,
       50, 61, 189, 81, 87, 235, 61, 184, 125, 46, 216, 222, 16, 167,
       170, 76, 29, 158, 111, 162, 243, 218, 221, 48, 122, 74, 132, 194,
       79, 240, 48, 125, 120, 136, 237, 69, 87, 226, 63, 164, 24, 23,
       183, 0, 59, 33, 150, 76, 8, 57, 47, 178, 19, 211, 235, 112, 48,
       224, 208, 198, 35, 68, 104, 145, 103, 137, 46, 78, 168, 56, 162,
       35, 8, 215, 51, 64, 240, 16, 84, 104, 106, 32, 0, 217, 2, 137,
       190, 5, 52, 0, 243, 2, 32, 252, 33, 191, 118, 173, 105, 87, 200,
       250, 191, 163, 24, 86, 241, 73, 59, 145, 86, 109, 82, 56, 101,
       171, 34, 217, 218, 69, 62, 194, 123, 198, 34, 7, 164, 211, 83,
       240, 59, 172, 207, 123, 243, 113, 120, 216, 242, 204, 188, 183,
       95, 82, 24, 167, 240, 173, 210, 44, 126, 23, 38, 203, 240, 195,
       165, 236, 116, 17, 87, 97, 111, 103, 186, 121, 234, 97, 88, 222,
       119, 73, 181, 17, 94, 64, 42, 97, 244, 249, 14, 101, 158, 85, 36,
       194, 241, 70, 177, 236, 117, 185, 101, 160, 111, 87, 52, 105, 174,
       62, 40, 214, 53, 193, 58, 148, 116, 108, 106, 33, 240, 241, 10,
       231, 223, 101, 54, 192, 243, 199, 115, 228, 109, 156, 71, 241,
       111, 103, 136, 120, 171, 111, 24, 210, 49, 12, 52, 145, 70, 98,
       122, 49, 244, 217, 42, 45, 190, 5, 118, 192, 123, 202, 34, 41,
       241, 56, 67, 61, 159, 86, 244, 111, 104, 173, 12, 42, 88, 30, 180,
       152, 42, 80, 110, 207, 48, 120, 191, 35, 93, 1, 114, 91, 31, 218,
       222, 109, 161, 232, 82, 217, 89, 87, 157, 162, 247, 165, 9, 82,
       253, 75, 58, 17, 206, 224, 90, 94, 99, 250, 34, 123, 77, 85, 61,
       227, 246, 206, 202, 212, 101, 57, 99, 208, 111, 111, 141, 123,
       162, 105, 24, 215, 95, 89, 48, 177, 223, 81, 122, 105, 180, 153,
       46, 237, 205, 5, 36, 97, 115, 199, 34, 211, 126, 78, 181, 162, 46,
       62, 55, 60, 134, 198, 213, 207, 14, 2, 83, 55, 231, 237, 167, 236,
       221, 149, 78, 244, 225, 47, 129, 44, 240, 171, 89, 84, 113, 81,
       106, 242, 233, 83, 152, 43, 24, 125, 40, 31, 87, 137, 124, 51,
       152, 76, 122, 3, 2, 168, 53, 209, 236, 33, 238, 226, 211, 6, 51,
       168, 32, 123, 64, 69, 201, 97, 96, 236, 5, 102, 40, 54, 149, 0,
       52, 34, 48, 66, 72, 1, 181, 48, 5, 85, 137, 64, 17, 99, 128, 70,
       170, 48, 228, 127, 80, 96, 233, 117, 87, 233, 31, 108, 56, 54,
       213, 8, 61, 35, 58, 68, 8, 98, 173, 34, 39, 67, 158, 112, 83, 99,
       200, 198, 163, 124, 112, 158, 100, 161, 11, 70, 140, 96, 145, 46,
       40, 86, 115, 137, 158, 179, 84, 100, 106, 0, 225, 137, 32, 235,
       227, 100, 23, 194, 115, 74, 43, 148, 236, 47, 115, 156, 211, 174,
       238, 254, 91, 16, 18, 241, 252, 60, 33, 185, 115, 90, 243, 119,
       109, 46, 127, 63, 3, 255, 229, 197, 80, 255, 142, 196, 244, 17,
       97, 195, 78, 119, 218, 49, 50, 108, 24, 30, 87, 73, 124, 19, 220,
       72, 122, 115, 22, 241, 50, 237, 156, 5, 38, 226, 177, 198, 50,
       253, 124, 156, 117, 232, 45, 84, 158, 59, 154, 52, 92, 63, 115,
       67, 27, 165, 85, 125, 56, 160, 102, 211, 10, 255, 235, 117, 12,
       232, 241, 202, 3, 230, 247, 141, 183, 172, 127, 140, 253, 30, 250,
       145, 221, 199, 109, 88, 143, 157, 215, 253, 39, 249, 70, 217, 18,
       173, 211, 205, 190, 76, 126, 158, 240, 223, 12, 205, 180, 138,
