%YAML:1.0
---
pts:
   - [ 981., 1354., 31., 3.5428616333007812e+02, 6.5214722417294979e-03,
       0, -1 ]
   - [ 664., 1389., 31., 2.6735119628906250e+02, 9.1680316254496574e-03,
       0, -1 ]
   - [ 655., 1454., 31., 3.0248809814453125e+02, 6.7521920427680016e-03,
       0, -1 ]
   - [ 647., 1120., 31., 8.7514907836914062e+01, 6.9789239205420017e-03,
       0, -1 ]
   - [ 982., 1421., 31., 4.1941501617431641e+01, 1.0139659978449345e-02,
       0, -1 ]
   - [ 646., 1287., 31., 3.5029577636718750e+02, 7.0135751739144325e-03,
       0, -1 ]
   - [ 977., 1105., 31., 1.2695800781250000e+02, 1.3673720881342888e-02,
       0, -1 ]
   - [ 984., 1422., 31., 4.0928092956542969e+01, 9.2568341642618179e-03,
       0, -1 ]
   - [ 1000., 1422., 31., 9.8426765441894531e+01, 7.9843373969197273e-03,
       0, -1 ]
   - [ 674., 952., 31., 2.2368122863769531e+02, 7.5748707167804241e-03,
       0, -1 ]
   - [ 653., 953., 31., 3.2325027465820312e+02, 6.8728169426321983e-03,
       0, -1 ]
   - [ 630., 894., 31., 3.1919387817382812e+02, 6.7726857960224152e-03,
       0, -1 ]
   - [ 675., 1452., 31., 2.7731033325195312e+02, 6.7428220063447952e-03,
       0, -1 ]
   - [ 651., 1369., 31., 3.4572702026367188e+02, 6.7135822027921677e-03,
       0, -1 ]
   - [ 659., 1450., 31., 3.0335308837890625e+02, 6.8059023469686508e-03,
       0, -1 ]
   - [ 1030., 1422., 31., 1.6528837585449219e+02, 1.1799656786024570e-02,
       0, -1 ]
   - [ 1012., 1103., 31., 1.6978837585449219e+02, 1.1211668141186237e-02,
       0, -1 ]
   - [ 643., 921., 31., 3.1633532714843750e+02, 1.1859285645186901e-02,
       0, -1 ]
   - [ 686., 1448., 31., 2.0960357666015625e+02, 8.5525354370474815e-03,
       0, -1 ]
   - [ 814., 1358., 31., 3.5501504516601562e+02, 7.9902810975909233e-03,
       0, -1 ]
   - [ 958., 1043., 31., 3.3854794311523438e+02, 8.0819139257073402e-03,
       0, -1 ]
   - [ 997., 1425., 31., 1.0955440521240234e+02, 1.1609432287514210e-02,
       0, -1 ]
   - [ 980., 1102., 31., 1.0770652770996094e+02, 9.9911848083138466e-03,
       0, -1 ]
   - [ 663., 1446., 31., 5.1542156219482422e+01, 1.7382005229592323e-02,
       0, -1 ]
   - [ 445., 1068., 31., 3.0579266357421875e+02, 7.2190575301647186e-03,
       0, -1 ]
   - [ 962., 1102., 31., 2.7857028961181641e+01, 1.0353713296353817e-02,
       0, -1 ]
   - [ 824., 1445., 31., 2.6775250244140625e+02, 7.6813683845102787e-03,
       0, -1 ]
   - [ 964., 1101., 31., 5.0121944427490234e+01, 1.0271039791405201e-02,
       0, -1 ]
   - [ 685., 1445., 31., 1.6427503967285156e+02, 7.9588834196329117e-03,
       0, -1 ]
   - [ 668., 1443., 31., 1.1366021728515625e+02, 1.1500133201479912e-02,
       0, -1 ]
   - [ 649., 928., 31., 3.0807513427734375e+02, 7.8325709328055382e-03,
       0, -1 ]
   - [ 680., 1130., 31., 2.6660061645507812e+02, 7.2488170117139816e-03,
       0, -1 ]
   - [ 683., 1441., 31., 1.1038837432861328e+02, 9.0752327814698219e-03,
       0, -1 ]
   - [ 793., 868., 31., 9.5738899230957031e+01, 7.2551006451249123e-03,
       0, -1 ]
   - [ 812., 1122., 31., 2.1308995056152344e+02, 7.0209838449954987e-03,
       0, -1 ]
   - [ 962., 1100., 31., 4.8949119567871094e+01, 1.3349666260182858e-02,
       0, -1 ]
   - [ 976., 1107., 31., 2.1856359863281250e+02, 9.4789033755660057e-03,
       0, -1 ]
   - [ 1006., 1100., 31., 1.1105792999267578e+02, 1.1010897345840931e-02,
       0, -1 ]
   - [ 670., 1606., 31., 5.0417343139648438e+01, 1.0578626766800880e-02,
       0, -1 ]
   - [ 661., 1228., 31., 2.6164642333984375e+02, 8.2702254876494408e-03,
       0, -1 ]
   - [ 663., 1451., 31., 2.7774017333984375e+02, 1.1285026557743549e-02,
       0, -1 ]
   - [ 657., 1223., 31., 2.6697534179687500e+02, 7.5627723708748817e-03,
       0, -1 ]
   - [ 995., 1427., 31., 2.0469172668457031e+02, 1.1033174581825733e-02,
       0, -1 ]
   - [ 686., 1440., 31., 1.2025521850585938e+02, 7.9764779657125473e-03,
       0, -1 ]
   - [ 654., 1440., 31., 5.1522518157958984e+01, 8.1594949588179588e-03,
       0, -1 ]
   - [ 664., 1439., 31., 9.5985252380371094e+01, 6.6378628835082054e-03,
       0, -1 ]
   - [ 688., 1437., 31., 1.1289113616943359e+02, 7.2620562277734280e-03,
       0, -1 ]
   - [ 1010., 1416., 31., 7.3478286743164062e+01, 6.8746213801205158e-03,
       0, -1 ]
   - [ 688., 1124., 31., 1.5610688781738281e+02, 6.5684141591191292e-03,
       0, -1 ]
   - [ 651., 931., 31., 3.2089328002929688e+02, 1.1325392872095108e-02,
       0, -1 ]
   - [ 676., 1125., 31., 5.9753723144531250e+01, 6.5377983264625072e-03,
       0, -1 ]
   - [ 666., 1122., 31., 8.1600875854492188e+01, 8.2443011924624443e-03,
       0, -1 ]
   - [ 656., 1126., 31., 7.6550430297851562e+01, 9.1131580993533134e-03,
       0, -1 ]
   - [ 659., 1129., 31., 2.7751928710937500e+02, 7.7537340112030506e-03,
       0, -1 ]
   - [ 659., 1126., 31., 7.8478057861328125e+01, 8.3305761218070984e-03,
       0, -1 ]
   - [ 805., 1110., 31., 8.8218162536621094e+01, 7.9538896679878235e-03,
       0, -1 ]
   - [ 677., 910., 31., 4.9596866607666016e+01, 6.6058696247637272e-03,
       0, -1 ]
   - [ 649., 1133., 31., 2.7477346801757812e+02, 7.1014994755387306e-03,
       0, -1 ]
   - [ 816., 1431., 31., 2.6257076263427734e+01, 7.0153893902897835e-03,
       0, -1 ]
   - [ 994., 1595., 31., 3.1809704589843750e+02, 6.6381343640387058e-03,
       0, -1 ]
   - [ 650., 1366., 31., 3.5318603515625000e+02, 8.4826909005641937e-03,
       0, -1 ]
   - [ 806., 1209., 31., 3.3660699462890625e+02, 7.9643977805972099e-03,
       0, -1 ]
   - [ 990., 1097., 31., 7.2993339538574219e+01, 6.9391275756061077e-03,
       0, -1 ]
   - [ 656., 1128., 31., 2.7686807250976562e+02, 9.8082898184657097e-03,
       0, -1 ]
   - [ 984., 1184., 31., 1.6222541809082031e+02, 6.0248440131545067e-03,
       0, -1 ]
   - [ 977., 1347., 31., 3.5493957519531250e+02, 6.1030052602291107e-03,
       0, -1 ]
   - [ 669., 1453., 31., 2.6257110595703125e+02, 6.2860082834959030e-03,
       0, -1 ]
   - [ 639., 1120., 31., 5.1745876312255859e+01, 6.0805631801486015e-03,
       0, -1 ]
   - [ 662., 1388., 31., 2.8041757202148438e+02, 6.0931132175028324e-03,
       0, -1 ]
   - [ 1000., 1096., 31., 8.7324577331542969e+01, 6.1909602954983711e-03,
       0, -1 ]
   - [ 798., 1123., 31., 3.2223397827148438e+02, 6.0794693417847157e-03,
       0, -1 ]
   - [ 956., 1045., 31., 3.3233618164062500e+02, 6.5021435730159283e-03,
       0, -1 ]
   - [ 660., 1278., 31., 1.1712635803222656e+02, 6.4602843485772610e-03,
       0, -1 ]
   - [ 642., 1070., 31., 2.7967532348632812e+02, 6.3349283300340176e-03,
       0, -1 ]
   - [ 806., 1204., 31., 3.4524838256835938e+02, 6.3386275433003902e-03,
       0, -1 ]
   - [ 1009., 1111., 31., 2.4727258300781250e+02, 6.2325657345354557e-03,
       0, -1 ]
   - [ 977., 1360., 31., 1.3742425441741943e+00, 6.4034075476229191e-03,
       0, -1 ]
   - [ 660., 935., 31., 2.9088323974609375e+02, 6.3150632195174694e-03,
       0, -1 ]
   - [ 957., 1099., 31., 3.6709732055664062e+01, 6.1372914351522923e-03,
       0, -1 ]
   - [ 638., 1133., 31., 3.0610830688476562e+02, 6.3352002762258053e-03,
       0, -1 ]
   - [ 972., 1114., 31., 2.7221823120117188e+02, 5.4313591681420803e-03,
       0, -1 ]
   - [ 633., 1038., 31., 6.8709750175476074e+00, 5.6298244744539261e-03,
       0, -1 ]
   - [ 992., 1434., 31., 2.7119519042968750e+02, 5.8779334649443626e-03,
       0, -1 ]
   - [ 678., 1615., 31., 2.7012588500976562e+02, 5.5489949882030487e-03,
       0, -1 ]
   - [ 673., 930., 31., 2.0597219848632812e+02, 5.7298564352095127e-03,
       0, -1 ]
   - [ 804., 1202., 31., 3.4410507202148438e+02, 5.6221242994070053e-03,
       0, -1 ]
   - [ 836., 1376., 31., 1.9430290222167969e+02, 5.6619239039719105e-03,
       0, -1 ]
   - [ 660., 1193., 31., 9.8903678894042969e+01, 5.4993792437016964e-03,
       0, -1 ]
   - [ 962., 865., 31., 1.6102296447753906e+02, 5.8690928854048252e-03,
       0, -1 ]
   - [ 1014., 1419., 31., 6.1482437133789062e+01, 5.6713693775236607e-03,
       0, -1 ]
