%YAML:1.0
---
desc: !!opencv-matrix
   rows: 500
   cols: 32
   dt: u
   data: [ 88, 176, 27, 106, 112, 204, 113, 31, 51, 9, 228, 104, 190,
       215, 8, 112, 48, 159, 124, 8, 3, 11, 178, 21, 209, 233, 48, 106,
       0, 0, 167, 59, 36, 101, 123, 106, 68, 79, 71, 97, 101, 36, 237, 8,
       82, 85, 8, 52, 24, 152, 66, 106, 72, 178, 112, 13, 229, 136, 0,
       48, 66, 154, 70, 162, 36, 124, 113, 106, 81, 207, 99, 248, 121, 8,
       108, 8, 18, 85, 9, 52, 16, 152, 64, 106, 33, 178, 120, 31, 101,
       156, 0, 48, 66, 155, 70, 162, 228, 62, 253, 100, 234, 79, 85, 186,
       163, 190, 188, 104, 87, 119, 193, 63, 39, 212, 100, 40, 113, 107,
       226, 10, 127, 170, 101, 60, 226, 240, 70, 227, 173, 68, 173, 71,
       140, 127, 207, 184, 86, 242, 143, 84, 211, 112, 217, 43, 89, 70,
       120, 111, 249, 244, 253, 42, 109, 139, 229, 20, 233, 251, 208,
       112, 184, 1, 127, 123, 35, 233, 117, 117, 236, 15, 231, 24, 127,
       215, 8, 57, 32, 50, 76, 10, 112, 165, 50, 5, 241, 171, 112, 17,
       98, 200, 198, 227, 244, 109, 57, 98, 240, 111, 95, 142, 106, 226,
       169, 24, 215, 127, 89, 48, 151, 223, 85, 122, 121, 116, 248, 62,
       233, 205, 37, 60, 64, 243, 199, 98, 204, 117, 17, 99, 225, 79,
       119, 184, 105, 168, 109, 8, 214, 119, 73, 52, 145, 92, 72, 106,
       65, 244, 249, 10, 239, 253, 5, 54, 66, 115, 70, 35, 164, 166, 153,
       187, 180, 233, 233, 11, 86, 55, 73, 145, 215, 105, 88, 8, 219, 10,
       3, 25, 58, 124, 73, 23, 204, 135, 187, 117, 212, 200, 213, 226,
       200, 54, 220, 167, 42, 14, 120, 16, 59, 174, 183, 253, 223, 103,
       74, 82, 135, 213, 237, 6, 168, 208, 217, 2, 206, 241, 105, 145,
       40, 162, 11, 19, 176, 29, 31, 252, 21, 230, 71, 103, 212, 136,
       202, 16, 183, 55, 33, 97, 200, 54, 8, 32, 121, 171, 49, 62, 225,
       231, 178, 16, 48, 104, 52, 58, 172, 177, 17, 107, 224, 79, 103,
       184, 33, 104, 125, 104, 214, 23, 137, 116, 16, 152, 84, 106, 83,
       150, 249, 31, 237, 152, 37, 174, 82, 179, 134, 179, 70, 214, 237,
       181, 202, 98, 157, 152, 22, 246, 153, 247, 213, 109, 219, 75, 95,
       215, 63, 247, 168, 70, 207, 16, 236, 2, 239, 188, 181, 243, 181,
       113, 3, 155, 110, 29, 82, 214, 185, 119, 173, 69, 78, 167, 40,
       142, 182, 100, 38, 63, 187, 197, 197, 153, 183, 237, 46, 56, 138,
       131, 47, 132, 45, 221, 57, 137, 27, 251, 149, 197, 67, 165, 86, 8,
       237, 0, 243, 215, 32, 100, 88, 42, 18, 90, 91, 136, 122, 61, 233,
       237, 160, 72, 16, 11, 244, 42, 218, 50, 90, 112, 123, 153, 80, 23,
       171, 13, 181, 253, 47, 135, 194, 28, 38, 191, 205, 16, 30, 79,
       130, 197, 210, 241, 48, 251, 34, 132, 142, 19, 112, 52, 123, 101,
       33, 203, 119, 98, 109, 6, 110, 8, 54, 23, 0, 52, 32, 52, 64, 42,
       73, 185, 48, 13, 243, 253, 0, 18, 98, 2, 70, 170, 144, 252, 19,
       122, 114, 232, 113, 206, 185, 27, 225, 56, 55, 215, 8, 57, 35,
       154, 76, 10, 35, 7, 178, 55, 209, 160, 48, 106, 96, 145, 167, 163,
       88, 177, 113, 98, 50, 200, 83, 152, 43, 12, 119, 40, 159, 215,
       200, 112, 54, 92, 108, 82, 75, 66, 235, 35, 245, 228, 32, 254, 98,
       131, 7, 51, 104, 112, 115, 98, 112, 201, 99, 80, 121, 168, 53, 40,
       54, 213, 200, 48, 146, 60, 76, 106, 75, 227, 232, 61, 227, 220,
       33, 120, 66, 131, 70, 35, 116, 120, 63, 114, 32, 239, 83, 144,
       232, 27, 182, 56, 87, 213, 8, 56, 1, 150, 108, 10, 9, 231, 234,
       37, 211, 235, 113, 16, 96, 17, 70, 35, 208, 112, 95, 120, 42, 200,
       85, 148, 161, 24, 182, 56, 183, 215, 137, 121, 34, 180, 108, 80,
       107, 71, 178, 36, 241, 225, 32, 56, 96, 145, 134, 51, 125, 177,
       152, 82, 253, 157, 86, 153, 123, 121, 173, 12, 186, 208, 79, 188,
       145, 222, 204, 26, 159, 98, 250, 179, 155, 221, 5, 123, 202, 130,
       202, 7, 125, 253, 56, 114, 189, 157, 86, 89, 235, 253, 189, 13,
       234, 216, 94, 176, 137, 174, 204, 29, 222, 99, 250, 189, 187, 221,
       5, 123, 202, 14, 202, 198, 119, 140, 237, 183, 140, 107, 205, 137,
       214, 242, 131, 27, 211, 124, 95, 43, 201, 199, 121, 183, 236, 101,
       255, 32, 205, 11, 223, 53, 165, 123, 213, 66, 69, 11, 158, 190,
       172, 22, 172, 169, 254, 130, 66, 68, 245, 226, 185, 203, 213, 111,
       56, 239, 237, 210, 155, 40, 160, 255, 239, 8, 136, 112, 57, 0, 80,
       147, 252, 167, 58, 10, 27, 24, 46, 141, 7, 165, 223, 103, 202, 82,
       54, 213, 237, 208, 16, 65, 139, 65, 220, 231, 111, 149, 164, 163,
       7, 115, 93, 180, 152, 114, 169, 60, 84, 154, 239, 187, 174, 92,
       223, 243, 72, 254, 133, 214, 252, 8, 139, 97, 251, 177, 155, 253,
       85, 122, 202, 243, 138, 53, 196, 116, 25, 123, 248, 237, 87, 154,
       115, 59, 173, 24, 183, 215, 9, 56, 145, 154, 76, 26, 43, 38, 248,
       55, 229, 221, 33, 124, 192, 211, 134, 34, 32, 188, 153, 250, 220,
       229, 131, 206, 214, 31, 68, 16, 180, 241, 32, 105, 201, 122, 34,
       24, 51, 110, 122, 55, 237, 135, 182, 104, 144, 88, 149, 171, 116,
       37, 253, 103, 88, 110, 127, 168, 107, 226, 171, 8, 215, 127, 73,
       115, 176, 213, 121, 234, 41, 240, 249, 40, 239, 235, 69, 52, 224,
       243, 70, 50, 100, 228, 149, 243, 136, 107, 69, 136, 150, 187, 161,
       88, 214, 51, 73, 27, 129, 84, 104, 50, 58, 68, 203, 48, 205, 130,
       117, 116, 192, 123, 70, 34, 136, 157, 23, 253, 17, 207, 5, 55,
       150, 8, 64, 64, 182, 245, 32, 97, 192, 58, 10, 0, 99, 168, 82, 63,
       225, 166, 52, 24, 24, 8, 132, 186, 172, 124, 145, 104, 73, 111,
       69, 218, 51, 186, 108, 24, 22, 23, 1, 52, 17, 152, 64, 40, 33, 54,
       112, 26, 197, 152, 69, 46, 210, 240, 70, 162, 56, 201, 25, 251,
       28, 197, 67, 156, 70, 1, 237, 0, 243, 211, 41, 96, 88, 58, 2, 74,
       75, 136, 122, 61, 225, 237, 32, 24, 16, 27, 116, 42, 50, 160, 33,
       168, 31, 193, 145, 232, 135, 180, 145, 171, 46, 204, 102, 132,
       235, 145, 203, 241, 74, 111, 202, 157, 153, 64, 137, 127, 117, 14,
       22, 254, 252, 101, 189, 119, 141, 109, 87, 172, 224, 178, 167, 24,
       210, 113, 72, 59, 145, 86, 104, 106, 120, 101, 251, 34, 235, 219,
       69, 53, 64, 123, 198, 34, 124, 225, 164, 246, 141, 102, 71, 157,
       131, 179, 143, 8, 211, 119, 89, 127, 81, 214, 121, 250, 24, 67,
       251, 144, 235, 223, 197, 61, 162, 126, 212, 34, 222, 151, 173,
       180, 171, 114, 28, 171, 142, 254, 154, 175, 77, 126, 203, 75, 183,
       87, 253, 167, 252, 67, 175, 136, 250, 67, 239, 183, 164, 116, 189,
       83, 50, 34, 96, 41, 124, 155, 209, 64, 71, 36, 177, 171, 3, 8, 22,
       16, 202, 160, 198, 37, 12, 35, 68, 156, 146, 80, 144, 59, 117, 14,
       86, 206, 96, 56, 63, 116, 32, 237, 185, 82, 232, 50, 162, 24, 183,
       189, 0, 59, 134, 53, 125, 1, 161, 109, 242, 0, 209, 155, 113, 56,
       64, 0, 7, 107, 197, 172, 255, 116, 136, 76, 125, 130, 251, 211,
       162, 24, 215, 255, 68, 59, 133, 247, 125, 28, 57, 109, 179, 34,
       203, 251, 85, 88, 192, 241, 198, 114, 112, 8, 157, 253, 44, 207,
       80, 27, 199, 57, 162, 24, 247, 23, 0, 122, 193, 52, 108, 24, 24,
       108, 219, 21, 203, 255, 113, 112, 144, 136, 64, 42, 52, 120, 123,
       122, 114, 235, 87, 208, 240, 14, 245, 40, 54, 215, 129, 60, 50,
       184, 68, 106, 35, 163, 40, 61, 241, 239, 32, 18, 96, 243, 198,
       163, 141, 197, 23, 223, 174, 11, 167, 249, 92, 2, 80, 98, 252,
       241, 169, 229, 87, 114, 50, 42, 97, 240, 43, 191, 36, 190, 71, 2,
       22, 248, 161, 165, 103, 64, 229, 131, 143, 118, 138, 136, 71, 243,
       135, 134, 201, 108, 223, 238, 93, 68, 251, 255, 135, 102, 255,
       224, 14, 90, 207, 124, 159, 255, 88, 116, 144, 9, 149, 221, 155,
       227, 33, 79, 22, 16, 194, 50, 112, 247, 160, 236, 120, 126, 42, 8,
       51, 219, 107, 29, 21, 162, 83, 66, 179, 40, 164, 172, 224, 156,
       61, 125, 172, 47, 80, 63, 87, 187, 162, 88, 211, 51, 0, 123, 193,
       214, 108, 32, 56, 110, 219, 28, 203, 251, 81, 84, 16, 72, 192, 34,
       214, 22, 173, 181, 10, 98, 153, 10, 142, 254, 146, 247, 197, 108,
       215, 75, 231, 213, 253, 167, 172, 71, 239, 200, 144, 2, 235, 183,
