%YAML:1.0
---
pts:
   - [ 939., 1274., 31., 8.3224174499511719e+01, 4.9280212260782719e-03,
       0, -1 ]
   - [ 844., 1569., 31., 2.7660510253906250e+02, 5.9169656597077847e-03,
       0, -1 ]
   - [ 699., 1466., 31., 3.1222277832031250e+02, 6.4904158934950829e-03,
       0, -1 ]
   - [ 899., 1049., 31., 5.5904975891113281e+01, 5.1325769163668156e-03,
       0, -1 ]
   - [ 793., 1242., 31., 1.8483361816406250e+02, 8.3102900534868240e-03,
       0, -1 ]
   - [ 864., 1465., 31., 2.4075744628906250e+01, 5.1506897434592247e-03,
       0, -1 ]
   - [ 480., 953., 31., 1.8818030357360840e+00, 5.1607890054583549e-03,
       0, -1 ]
   - [ 645., 963., 31., 3.3779351806640625e+02, 5.0895735621452332e-03,
       0, -1 ]
   - [ 563., 1047., 31., 6.7715362548828125e+01, 6.4197387546300888e-03,
       0, -1 ]
   - [ 624., 1225., 31., 1.6207865905761719e+02, 5.1099290139973164e-03,
       0, -1 ]
   - [ 837., 1569., 31., 2.6905731201171875e+02, 6.1936881393194199e-03,
       0, -1 ]
   - [ 617., 1233., 31., 2.3373762512207031e+02, 9.2894118279218674e-03,
       0, -1 ]
   - [ 868., 1463., 31., 1.0858837127685547e+02, 5.0375773571431637e-03,
       0, -1 ]
   - [ 855., 1377., 31., 4.0091091156005859e+01, 7.4916440062224865e-03,
       0, -1 ]
   - [ 864., 1468., 31., 3.2806021118164062e+02, 5.0823176279664040e-03,
       0, -1 ]
   - [ 938., 1287., 31., 7.0597335815429688e+01, 5.0065307877957821e-03,
       0, -1 ]
   - [ 844., 1544., 31., 7.7581008911132812e+01, 6.7115966230630875e-03,
       0, -1 ]
   - [ 607., 1247., 31., 2.7771197509765625e+02, 7.1220472455024719e-03,
       0, -1 ]
   - [ 564., 1081., 31., 2.8592767333984375e+02, 5.6328629143536091e-03,
       0, -1 ]
   - [ 814., 918., 31., 2.8934991455078125e+02, 5.5755977518856525e-03,
       0, -1 ]
   - [ 1034., 1433., 31., 9.8490493774414062e+01, 7.1580256335437298e-03,
       0, -1 ]
   - [ 870., 1468., 31., 2.1201947021484375e+02, 5.1448899321258068e-03,
       0, -1 ]
   - [ 861., 1568., 31., 2.4569314575195312e+02, 5.8869393542408943e-03,
       0, -1 ]
   - [ 854., 1545., 31., 1.1974739837646484e+02, 6.7157279700040817e-03,
       0, -1 ]
   - [ 613., 1224., 31., 5.4984924316406250e+01, 5.3290738724172115e-03,
       0, -1 ]
   - [ 777., 1237., 31., 2.2828805541992188e+02, 6.5687261521816254e-03,
       0, -1 ]
   - [ 971., 952., 31., 3.9962885379791260e+00, 8.6174625903367996e-03,
       0, -1 ]
   - [ 605., 1211., 31., 7.0052307128906250e+01, 6.1435257084667683e-03,
       0, -1 ]
   - [ 818., 1568., 31., 3.0012753295898438e+02, 5.1435637287795544e-03,
       0, -1 ]
   - [ 902., 1567., 31., 2.3578656005859375e+02, 7.8361174091696739e-03,
       0, -1 ]
   - [ 894., 1077., 31., 2.7256625366210938e+02, 5.7846326380968094e-03,
       0, -1 ]
   - [ 935., 1290., 31., 3.1939476013183594e+01, 6.2089487910270691e-03,
       0, -1 ]
   - [ 698., 1469., 31., 3.0021133422851562e+02, 6.7819822579622269e-03,
       0, -1 ]
   - [ 1228., 1092., 31., 3.5311672973632812e+02, 6.0813715681433678e-03,
       0, -1 ]
   - [ 812., 876., 31., 5.8036693572998047e+01, 5.6317038834095001e-03,
       0, -1 ]
   - [ 817., 1566., 31., 3.1053781127929688e+02, 5.0682546570897102e-03,
       0, -1 ]
   - [ 935., 1229., 31., 1.0995024442672729e+00, 5.1963706500828266e-03,
       0, -1 ]
   - [ 610., 1212., 31., 7.5825607299804688e+01, 4.9804258160293102e-03,
       0, -1 ]
   - [ 938., 1214., 31., 1.1471907806396484e+02, 4.9448269419372082e-03,
       0, -1 ]
   - [ 488., 880., 31., 8.6818672180175781e+01, 4.9545583315193653e-03,
       0, -1 ]
   - [ 1025., 1387., 31., 3.4296945190429688e+02, 5.1208180375397205e-03,
       0, -1 ]
   - [ 382., 1382., 31., 8.6285484313964844e+01, 5.5777858942747116e-03,
       0, -1 ]
   - [ 632., 1214., 31., 1.5078956604003906e+02, 5.8908178471028805e-03,
       0, -1 ]
   - [ 792., 1244., 31., 1.9979875183105469e+02, 5.5456547997891903e-03,
       0, -1 ]
   - [ 936., 1269., 31., 1.9437301635742188e+01, 5.2544446662068367e-03,
       0, -1 ]
   - [ 1206., 1379., 31., 9.2174247741699219e+01, 5.4865721613168716e-03,
       0, -1 ]
   - [ 769., 1209., 31., 7.1022247314453125e+01, 6.1286473646759987e-03,
       0, -1 ]
   - [ 890., 1042., 31., 4.1129474639892578e+01, 5.6350980885326862e-03,
       0, -1 ]
   - [ 1191., 1388., 31., 3.3993750000000000e+02, 5.7630832307040691e-03,
       0, -1 ]
   - [ 901., 1550., 31., 1.3181921386718750e+02, 5.4186750203371048e-03,
       0, -1 ]
   - [ 890., 1551., 31., 9.0743049621582031e+01, 5.9501067735254765e-03,
       0, -1 ]
   - [ 911., 1551., 31., 1.6743763732910156e+02, 5.8165877126157284e-03,
       0, -1 ]
   - [ 552., 1414., 31., 2.4401550292968750e+02, 5.9491330757737160e-03,
       0, -1 ]
   - [ 554., 1414., 31., 2.4136012268066406e+02, 5.5535649880766869e-03,
       0, -1 ]
   - [ 888., 1562., 31., 2.7508239746093750e+02, 5.9894556179642677e-03,
       0, -1 ]
   - [ 998., 952., 31., 1.7645104980468750e+02, 6.6588404588401318e-03,
       0, -1 ]
   - [ 1201., 1390., 31., 2.8993048095703125e+02, 5.4703173227608204e-03,
       0, -1 ]
   - [ 936., 1299., 31., 2.9587936401367188e+02, 5.8989981189370155e-03,
       0, -1 ]
   - [ 711., 1403., 31., 2.2354925537109375e+02, 6.1937216669321060e-03,
       0, -1 ]
   - [ 867., 1470., 31., 2.6848190307617188e+02, 5.7346043176949024e-03,
       0, -1 ]
   - [ 1032., 1405., 31., 3.0217489624023438e+02, 5.6975125335156918e-03,
       0, -1 ]
   - [ 972., 954., 31., 3.4950781250000000e+02, 5.4652686230838299e-03,
       0, -1 ]
   - [ 937., 1295., 31., 3.1140075683593750e+02, 7.1874554269015789e-03,
       0, -1 ]
   - [ 566., 1082., 31., 2.7333602905273438e+02, 6.2731681391596794e-03,
       0, -1 ]
   - [ 1233., 1373., 31., 7.0978294372558594e+01, 5.4001356475055218e-03,
       0, -1 ]
   - [ 884., 1557., 31., 2.4579800415039062e+02, 6.6017964854836464e-03,
       0, -1 ]
   - [ 827., 1557., 31., 3.2235604858398438e+02, 7.0445840246975422e-03,
       0, -1 ]
   - [ 936., 1271., 31., 3.5307583618164062e+02, 5.4492666386067867e-03,
       0, -1 ]
   - [ 526., 1415., 31., 3.0021392822265625e+02, 8.0617070198059082e-03,
       0, -1 ]
   - [ 829., 1557., 31., 2.7636309814453125e+02, 5.5259247310459614e-03,
       0, -1 ]
   - [ 482., 896., 31., 3.1298284912109375e+02, 4.5917928218841553e-03,
       0, -1 ]
   - [ 816., 963., 31., 2.7119610595703125e+02, 4.6048145741224289e-03,
       0, -1 ]
   - [ 1075., 1132., 31., 2.0397302246093750e+02, 4.6476973220705986e-03,
       0, -1 ]
   - [ 483., 891., 31., 3.3857492065429688e+02, 4.7855800949037075e-03,
       0, -1 ]
   - [ 1228., 1081., 31., 3.5824569702148438e+02, 4.6627959236502647e-03,
       0, -1 ]
   - [ 484., 897., 31., 2.9885351562500000e+02, 4.6036513522267342e-03,
       0, -1 ]
   - [ 479., 887., 31., 1.0375366210937500e+01, 4.9100574105978012e-03,
       0, -1 ]
   - [ 936., 1292., 31., 7.2995309829711914e+00, 4.8346584662795067e-03,
       0, -1 ]
   - [ 1026., 1469., 31., 2.8523175048828125e+02, 4.7940793447196484e-03,
       0, -1 ]
   - [ 935., 1231., 31., 3.4042678833007812e+02, 4.8699625767767429e-03,
       0, -1 ]
   - [ 816., 939., 31., 9.2303291320800781e+01, 4.7513847239315510e-03,
       0, -1 ]
   - [ 1139., 947., 31., 4.2590118408203125e+01, 4.6878033317625523e-03,
       0, -1 ]
   - [ 893., 1549., 31., 9.2224380493164062e+01, 4.6891751699149609e-03,
       0, -1 ]
   - [ 1031., 1407., 31., 3.0302755737304688e+02, 4.8021804541349411e-03,
       0, -1 ]
   - [ 1126., 1221., 31., 2.2295259094238281e+02, 3.9357994683086872e-03,
       0, -1 ]
   - [ 938., 1227., 31., 2.7110195922851562e+02, 4.3083229102194309e-03,
       0, -1 ]
   - [ 971., 882., 31., 2.1134836196899414e+01, 4.2385593988001347e-03,
       0, -1 ]
   - [ 859., 1552., 31., 1.4771166992187500e+02, 4.5496942475438118e-03,
       0, -1 ]
   - [ 395., 1050., 31., 5.6701576232910156e+01, 4.1235857643187046e-03,
       0, -1 ]
   - [ 1038., 1383., 31., 1.5833813476562500e+02, 4.4929720461368561e-03,
       0, -1 ]
