%YAML:1.0
---
pts:
   - [ 877., 978., 31., 2.8179937744140625e+02, 3.3389930613338947e-03,
       0, -1 ]
   - [ 1078., 973., 31., 1.9081417846679688e+02, 3.6651750560849905e-03,
       0, -1 ]
   - [ 768., 1490., 31., 1.2785025024414062e+02, 5.6380834430456161e-03,
       0, -1 ]
   - [ 571., 1146., 31., 2.2695018005371094e+02, 5.1208599470555782e-03,
       0, -1 ]
   - [ 657., 1313., 31., 3.5768722534179688e+02, 5.1874821074306965e-03,
       0, -1 ]
   - [ 976., 812., 31., 2.6871548461914062e+02, 4.1191536001861095e-03,
       0, -1 ]
   - [ 586., 1573., 31., 2.3018960571289062e+02, 3.4029264934360981e-03,
       0, -1 ]
   - [ 1154., 807., 31., 3.0532766723632812e+02, 3.8962971884757280e-03,
       0, -1 ]
   - [ 757., 1515., 31., 2.7687878417968750e+02, 6.3983020372688770e-03,
       0, -1 ]
   - [ 748., 1515., 31., 2.7147171020507812e+02, 6.4449291676282883e-03,
       0, -1 ]
   - [ 773., 1498., 31., 1.6083428955078125e+02, 4.9465857446193695e-03,
       0, -1 ]
   - [ 738., 1137., 31., 7.0810995101928711e+00, 5.3042136132717133e-03,
       0, -1 ]
   - [ 756., 1489., 31., 6.7141723632812500e+01, 5.2353413775563240e-03,
       0, -1 ]
   - [ 729., 1514., 31., 2.9047613525390625e+02, 4.9189520068466663e-03,
       0, -1 ]
   - [ 270., 1510., 31., 2.5212425231933594e+02, 5.3299432620406151e-03,
       0, -1 ]
   - [ 774., 1513., 31., 2.3146330261230469e+02, 6.7074424587190151e-03,
       0, -1 ]
   - [ 466., 1408., 31., 2.6656909179687500e+02, 6.7456690594553947e-03,
       0, -1 ]
   - [ 652., 1336., 31., 2.4856079101562500e+02, 3.8306850474327803e-03,
       0, -1 ]
   - [ 833., 1336., 31., 2.6738888549804688e+02, 5.4347990080714226e-03,
       0, -1 ]
   - [ 811., 799., 31., 1.6401206970214844e+02, 3.3879762049764395e-03,
       0, -1 ]
   - [ 787., 844., 31., 3.4373971557617188e+02, 5.7506402954459190e-03,
       0, -1 ]
   - [ 1016., 848., 31., 9.3395054340362549e-01, 3.5173599608242512e-03,
       0, -1 ]
   - [ 784., 780., 31., 9.5033998489379883e+00, 3.7658924702554941e-03,
       0, -1 ]
   - [ 601., 765., 31., 4.7629253387451172e+01, 3.3654198050498962e-03,
       0, -1 ]
   - [ 783., 852., 31., 2.0103202819824219e+01, 4.6774279326200485e-03,
       0, -1 ]
   - [ 868., 949., 31., 3.8968898773193359e+01, 3.4166884142905474e-03,
       0, -1 ]
   - [ 978., 853., 31., 2.3881542968750000e+02, 3.5190384369343519e-03,
       0, -1 ]
   - [ 763., 1497., 31., 1.0294049835205078e+02, 5.0607188604772091e-03,
       0, -1 ]
   - [ 782., 803., 31., 3.2527032470703125e+02, 4.0451237000524998e-03,
       0, -1 ]
   - [ 981., 793., 31., 1.8306504821777344e+02, 3.7107514217495918e-03,
       0, -1 ]
   - [ 460., 1352., 31., 2.6714031982421875e+02, 6.2556788325309753e-03,
       0, -1 ]
   - [ 801., 784., 31., 2.0217767333984375e+02, 3.8243159651756287e-03,
       0, -1 ]
   - [ 847., 1310., 31., 1.3924208068847656e+02, 4.0779360570013523e-03,
       0, -1 ]
   - [ 737., 1502., 31., 3.4303094482421875e+02, 5.9824213385581970e-03,
       0, -1 ]
   - [ 782., 785., 31., 2.1965086460113525e+00, 5.7967226020991802e-03,
       0, -1 ]
   - [ 750., 1514., 31., 2.6499749755859375e+02, 5.5394866503775120e-03,
       0, -1 ]
   - [ 985., 778., 31., 1.6750846862792969e+02, 3.6489560734480619e-03,
       0, -1 ]
   - [ 269., 1326., 31., 2.7372607421875000e+02, 3.9113578386604786e-03,
       0, -1 ]
   - [ 343., 1139., 31., 2.7716194152832031e+01, 3.8310191594064236e-03,
       0, -1 ]
   - [ 583., 1163., 31., 2.5651217651367188e+02, 5.3559564985334873e-03,
       0, -1 ]
   - [ 782., 783., 31., 3.4911732673645020e+00, 3.8002568762749434e-03,
       0, -1 ]
   - [ 626., 864., 31., 1.8662086486816406e+02, 3.5277570132166147e-03,
       0, -1 ]
   - [ 1015., 852., 31., 3.4877737426757812e+02, 3.9258375763893127e-03,
       0, -1 ]
   - [ 1116., 1151., 31., 2.0447026062011719e+02, 3.9495881646871567e-03,
       0, -1 ]
   - [ 552., 1162., 31., 2.9999588012695312e+02, 5.6682634167373180e-03,
       0, -1 ]
   - [ 833., 1319., 31., 8.7088256835937500e+01, 4.0657599456608295e-03,
       0, -1 ]
   - [ 820., 1347., 31., 2.9412432861328125e+02, 4.7504291869699955e-03,
       0, -1 ]
   - [ 786., 789., 31., 4.9558105468750000e+00, 3.3582288306206465e-03,
       0, -1 ]
   - [ 821., 1308., 31., 5.8242107391357422e+01, 4.7475374303758144e-03,
       0, -1 ]
   - [ 753., 1140., 31., 1.6171281433105469e+02, 5.3002564236521721e-03,
       0, -1 ]
   - [ 307., 1142., 31., 2.8592950439453125e+02, 4.4598258100450039e-03,
       0, -1 ]
   - [ 818., 1345., 31., 3.1507778930664062e+02, 3.9286334067583084e-03,
       0, -1 ]
   - [ 555., 1163., 31., 2.8428506469726562e+02, 4.5472057536244392e-03,
       0, -1 ]
   - [ 313., 1181., 31., 2.2997596740722656e+02, 3.8330417592078447e-03,
       0, -1 ]
   - [ 581., 1163., 31., 2.6417675781250000e+02, 5.2029527723789215e-03,
       0, -1 ]
   - [ 309., 1325., 31., 2.3191784667968750e+02, 4.9087009392678738e-03,
       0, -1 ]
   - [ 279., 1303., 31., 6.7058715820312500e+01, 6.3248090445995331e-03,
       0, -1 ]
   - [ 366., 1139., 31., 1.3986640930175781e+02, 4.6769897453486919e-03,
       0, -1 ]
   - [ 787., 846., 31., 1.7388402223587036e+00, 3.9961347356438637e-03,
       0, -1 ]
   - [ 251., 1178., 31., 2.7797302246093750e+02, 4.2054285295307636e-03,
       0, -1 ]
   - [ 282., 1303., 31., 5.9935852050781250e+01, 4.6130707487463951e-03,
       0, -1 ]
   - [ 671., 1341., 31., 1.8735223388671875e+02, 7.0949494838714600e-03,
       0, -1 ]
   - [ 612., 766., 31., 1.0946530151367188e+02, 3.6850378382951021e-03,
       0, -1 ]
   - [ 258., 1326., 31., 2.6638446044921875e+02, 3.4721004776656628e-03,
       0, -1 ]
   - [ 286., 1154., 31., 3.1144387817382812e+02, 3.8830533158034086e-03,
       0, -1 ]
   - [ 342., 1164., 31., 3.1893334960937500e+02, 5.6238821707665920e-03,
       0, -1 ]
   - [ 727., 1154., 31., 3.5359185791015625e+02, 4.5415377244353294e-03,
       0, -1 ]
   - [ 366., 1164., 31., 2.2926052856445312e+02, 5.6997463107109070e-03,
       0, -1 ]
   - [ 749., 1154., 31., 1.7592797851562500e+02, 4.3889051303267479e-03,
       0, -1 ]
   - [ 457., 1370., 31., 7.3187347412109375e+01, 7.6785017736256123e-03,
       0, -1 ]
   - [ 1015., 845., 31., 9.9365453720092773e+00, 3.9309761486947536e-03,
       0, -1 ]
   - [ 460., 1304., 31., 9.3412887573242188e+01, 6.3250591047108173e-03,
       0, -1 ]
   - [ 981., 795., 31., 1.9702989196777344e+02, 3.6900176201015711e-03,
       0, -1 ]
   - [ 279., 1326., 31., 2.7336901855468750e+02, 4.4718543067574501e-03,
       0, -1 ]
   - [ 568., 1138., 31., 7.0282035827636719e+01, 3.6299622152000666e-03,
       0, -1 ]
   - [ 298., 1307., 31., 1.0898760986328125e+02, 4.1468185372650623e-03,
       0, -1 ]
   - [ 688., 946., 31., 6.8088294982910156e+01, 3.5212943330407143e-03,
       0, -1 ]
   - [ 781., 836., 31., 3.5681179809570312e+02, 4.2376914061605930e-03,
       0, -1 ]
   - [ 897., 983., 31., 1.8563731384277344e+02, 3.5785217769443989e-03,
       0, -1 ]
   - [ 302., 1155., 31., 1.1820182037353516e+02, 4.0452065877616405e-03,
       0, -1 ]
   - [ 233., 1317., 31., 3.3921936035156250e+02, 4.7359229065477848e-03,
       0, -1 ]
   - [ 749., 1157., 31., 2.2100909423828125e+02, 5.1516517996788025e-03,
       0, -1 ]
   - [ 291., 1327., 31., 2.7170245361328125e+02, 3.6839076783508062e-03,
       0, -1 ]
   - [ 783., 837., 31., 3.5666683959960938e+02, 6.0800136998295784e-03,
       0, -1 ]
   - [ 982., 869., 31., 2.6828903198242188e+02, 4.0655620396137238e-03,
       0, -1 ]
   - [ 604., 780., 31., 3.0172912597656250e+02, 6.4958250150084496e-03,
       0, -1 ]
   - [ 976., 762., 31., 9.0903144836425781e+01, 3.7828746717423201e-03,
       0, -1 ]
   - [ 604., 841., 31., 3.4736663818359375e+02, 3.7285636644810438e-03,
       0, -1 ]
   - [ 468., 1407., 31., 2.5400631713867188e+02, 4.0474673733115196e-03,
       0, -1 ]
   - [ 1063., 965., 31., 3.2615203857421875e+02, 3.5140323452651501e-03,
       0, -1 ]
   - [ 602., 841., 31., 3.3837918090820312e+02, 3.7601455114781857e-03,
       0, -1 ]
