%YAML:1.0
---
pts:
   - [ 719., 1192., 31., 2.5145330810546875e+02, 3.1144442036747932e-03,
       0, -1 ]
   - [ 742., 1158., 31., 1.1150181579589844e+02, 3.4913683775812387e-03,
       0, -1 ]
   - [ 740., 1157., 31., 9.4760070800781250e+01, 4.1740038432180882e-03,
       0, -1 ]
   - [ 755., 880., 31., 7.6420044898986816e+00, 4.7912658192217350e-03,
       0, -1 ]
   - [ 895., 1186., 31., 2.9976531982421875e+02, 3.8297371938824654e-03,
       0, -1 ]
   - [ 738., 1193., 31., 2.8252462768554688e+02, 3.3534590620547533e-03,
       0, -1 ]
   - [ 935., 814., 31., 9.2375099182128906e+01, 3.2076577190309763e-03,
       0, -1 ]
   - [ 902., 1156., 31., 8.0892929077148438e+01, 3.3407742157578468e-03,
       0, -1 ]
   - [ 1068., 1179., 31., 2.3554936218261719e+02, 3.4359183628112078e-03,
       0, -1 ]
   - [ 975., 1364., 31., 2.9707113647460938e+02, 3.6485858727246523e-03,
       0, -1 ]
   - [ 722., 1179., 31., 2.3985592651367188e+02, 4.0272171609103680e-03,
       0, -1 ]
   - [ 737., 1157., 31., 7.3177749633789062e+01, 3.4156783949583769e-03,
       0, -1 ]
   - [ 649., 1337., 31., 1.4886811828613281e+02, 4.9309604801237583e-03,
       0, -1 ]
   - [ 562., 1179., 31., 8.9658500671386719e+01, 5.6701521389186382e-03,
       0, -1 ]
   - [ 733., 1178., 31., 3.0223519897460938e+02, 4.1559678502380848e-03,
       0, -1 ]
   - [ 397., 1176., 31., 2.1138278198242188e+02, 3.5313190892338753e-03,
       0, -1 ]
   - [ 715., 1193., 31., 2.7914624023437500e+02, 3.4142509102821350e-03,
       0, -1 ]
   - [ 741., 1193., 31., 2.6113790893554688e+02, 4.4258446432650089e-03,
       0, -1 ]
   - [ 805., 1364., 31., 2.6720437622070312e+02, 5.2863690070807934e-03,
       0, -1 ]
   - [ 803., 1364., 31., 2.7486108398437500e+02, 3.9464989677071571e-03,
       0, -1 ]
   - [ 1058., 1193., 31., 2.7861437988281250e+02, 3.2059862278401852e-03,
       0, -1 ]
   - [ 1060., 1193., 31., 2.6656472778320312e+02, 3.3409877214580774e-03,
       0, -1 ]
   - [ 1004., 1363., 31., 2.3700479125976562e+02, 4.0235505439341068e-03,
       0, -1 ]
   - [ 1002., 1363., 31., 2.4041564941406250e+02, 3.4543538931757212e-03,
       0, -1 ]
   - [ 932., 882., 31., 3.7938423156738281e+01, 3.6149285733699799e-03,
       0, -1 ]
   - [ 777., 836., 31., 1.5973535156250000e+02, 3.2092181500047445e-03,
       0, -1 ]
   - [ 807., 1362., 31., 2.7644085693359375e+02, 3.1804891768842936e-03,
       0, -1 ]
   - [ 1006., 1361., 31., 2.2785208129882812e+02, 3.1444134656339884e-03,
       0, -1 ]
   - [ 1228., 1154., 31., 7.8881469726562500e+01, 3.2544783316552639e-03,
       0, -1 ]
   - [ 1076., 1171., 31., 1.7079255676269531e+02, 3.8080925587564707e-03,
       0, -1 ]
   - [ 925., 822., 31., 1.0555750846862793e+01, 3.1620191875845194e-03,
       0, -1 ]
   - [ 1154., 1417., 31., 3.1914761352539062e+02, 3.3070510253310204e-03,
       0, -1 ]
   - [ 733., 1170., 31., 4.8915569305419922e+01, 3.4079193137586117e-03,
       0, -1 ]
   - [ 714., 1156., 31., 7.5255783081054688e+01, 3.2305815257132053e-03,
       0, -1 ]
   - [ 722., 1170., 31., 1.2265467834472656e+02, 3.9069997146725655e-03,
       0, -1 ]
   - [ 575., 1170., 31., 1.4829002380371094e+02, 3.4195692278444767e-03,
       0, -1 ]
   - [ 1153., 1421., 31., 2.9718304443359375e+02, 3.8107146974653006e-03,
       0, -1 ]
   - [ 770., 824., 31., 1.0896089172363281e+02, 5.0693410448729992e-03,
       0, -1 ]
   - [ 640., 1357., 31., 2.8874792480468750e+02, 3.3775840420275927e-03,
       0, -1 ]
   - [ 577., 1168., 31., 1.5264665222167969e+02, 3.2615831587463617e-03,
       0, -1 ]
   - [ 939., 833., 31., 2.4603005981445312e+02, 3.9505972526967525e-03,
       0, -1 ]
   - [ 929., 833., 31., 3.0125238037109375e+02, 3.1932375859469175e-03,
       0, -1 ]
   - [ 941., 826., 31., 1.9768226623535156e+02, 4.3504368513822556e-03,
       0, -1 ]
   - [ 826., 1327., 31., 8.7721717834472656e+01, 4.9580312334001064e-03,
       0, -1 ]
   - [ 775., 833., 31., 1.6572961425781250e+02, 3.2599638216197491e-03,
       0, -1 ]
   - [ 640., 1350., 31., 5.3448741912841797e+01, 3.4642389509826899e-03,
       0, -1 ]
   - [ 656., 1344., 31., 1.7471032714843750e+02, 3.4548717085272074e-03,
       0, -1 ]
   - [ 934., 831., 31., 2.7425610351562500e+02, 3.2489199656993151e-03,
       0, -1 ]
   - [ 640., 1341., 31., 2.9848526000976562e+02, 3.6046325694769621e-03,
       0, -1 ]
   - [ 629., 1329., 31., 3.4545127868652344e+01, 3.1990455463528633e-03,
       0, -1 ]
   - [ 769., 827., 31., 9.3914382934570312e+01, 3.5594650544226170e-03,
       0, -1 ]
   - [ 786., 850., 31., 2.1875610351562500e+02, 2.8204298578202724e-03,
       0, -1 ]
   - [ 885., 1179., 31., 4.6944213867187500e+01, 2.8750726487487555e-03,
       0, -1 ]
   - [ 829., 1328., 31., 1.0938458251953125e+02, 2.9399984050542116e-03,
       0, -1 ]
   - [ 1086., 1191., 31., 2.1745707702636719e+02, 3.0292191077023745e-03,
       0, -1 ]
   - [ 639., 1335., 31., 5.3230514526367188e+01, 2.8651233296841383e-03,
       0, -1 ]
   - [ 500., 993., 31., 7.3734626770019531e+00, 2.9867715202271938e-03,
       0, -1 ]
   - [ 864., 988., 31., 7.7471374511718750e+01, 2.8209418524056673e-03,
       0, -1 ]
   - [ 904., 1156., 31., 9.4783370971679688e+01, 2.9916914645582438e-03,
       0, -1 ]
   - [ 946., 889., 31., 1.7387846374511719e+02, 2.9201311990618706e-03,
       0, -1 ]
   - [ 607., 838., 31., 2.3001359558105469e+02, 2.2467679809778929e-03,
       0, -1 ]
   - [ 933., 880., 31., 5.8619369506835938e+01, 2.4212889838963747e-03,
       0, -1 ]
   - [ 500., 995., 31., 3.5826507568359375e+02, 2.5275328662246466e-03,
       0, -1 ]
   - [ 1166., 1327., 31., 1.3474195861816406e+02, 2.4466654285788536e-03,
       0, -1 ]
   - [ 768., 885., 31., 1.1189084625244141e+02, 2.6044975966215134e-03,
       0, -1 ]
   - [ 866., 988., 31., 9.2121917724609375e+01, 2.5828764773905277e-03,
       0, -1 ]
   - [ 491., 1330., 31., 1.1139369964599609e+02, 2.5084195658564568e-03,
       0, -1 ]
   - [ 840., 988., 31., 7.2705261230468750e+01, 2.5558329652994871e-03,
       0, -1 ]
   - [ 1037., 915., 31., 1.6578294372558594e+02, 2.4951878003776073e-03,
       0, -1 ]
   - [ 1051., 586., 31., 1.2124475097656250e+02, 2.4700581561774015e-03,
       0, -1 ]
   - [ 697., 990., 31., 1.1433839416503906e+02, 2.3957605008035898e-03,
       0, -1 ]
   - [ 760., 832., 31., 8.8882255554199219e+00, 2.3512027692049742e-03,
       0, -1 ]
   - [ 683., 1026., 31., 2.8190988159179688e+02, 2.2888407111167908e-03,
       0, -1 ]
   - [ 699., 992., 31., 1.3725105285644531e+02, 2.3354687727987766e-03,
       0, -1 ]
   - [ 929., 826., 31., 3.4025833129882812e+02, 2.4824254214763641e-03,
       0, -1 ]
   - [ 1252., 1189., 31., 1.8726863098144531e+02, 2.5965170934796333e-03,
       0, -1 ]
   - [ 803., 1326., 31., 7.4754928588867188e+01, 2.7036303654313087e-03,
       0, -1 ]
   - [ 1062., 1158., 31., 7.6739517211914062e+01, 2.6051751337945461e-03,
       0, -1 ]
   - [ 1064., 1169., 31., 5.8850357055664062e+01, 2.3618449922651052e-03,
       0, -1 ]
   - [ 1056., 1156., 31., 6.9748374938964844e+01, 2.4119711015373468e-03,
       0, -1 ]
   - [ 569., 1186., 31., 2.4776608276367188e+02, 2.6191314682364464e-03,
       0, -1 ]
   - [ 779., 880., 31., 1.5520983886718750e+02, 2.2805186454206705e-03,
       0, -1 ]
   - [ 631., 1363., 31., 3.1449121093750000e+02, 2.5093154981732368e-03,
       0, -1 ]
   - [ 1154., 1409., 31., 7.3579544067382812e+01, 2.6228355709463358e-03,
       0, -1 ]
   - [ 925., 890., 31., 4.3542041778564453e+00, 2.2560977376997471e-03,
       0, -1 ]
   - [ 530., 994., 31., 1.7450572204589844e+02, 2.3143303114920855e-03,
       0, -1 ]
   - [ 830., 1330., 31., 1.1988349151611328e+02, 2.6002672966569662e-03,
       0, -1 ]
   - [ 400., 1161., 31., 1.6938327026367188e+02, 2.7054157108068466e-03,
       0, -1 ]
   - [ 1152., 1411., 31., 4.7933902740478516e+01, 2.3921045940369368e-03,
       0, -1 ]
   - [ 1106., 858., 31., 2.3698345947265625e+02, 2.6386317331343889e-03,
       0, -1 ]
   - [ 939., 882., 31., 1.3837246704101562e+02, 2.5278546381741762e-03,
