%YAML:1.0
---
desc: !!opencv-matrix
   rows: 500
   cols: 32
   dt: u
   data: [ 36, 53, 245, 69, 241, 107, 103, 143, 123, 171, 106, 40, 82,
       117, 141, 52, 51, 94, 96, 40, 49, 176, 41, 10, 111, 190, 69, 22,
       195, 242, 199, 163, 233, 124, 248, 113, 109, 191, 117, 146, 115,
       238, 174, 29, 155, 57, 87, 18, 129, 108, 124, 76, 172, 252, 240,
       2, 111, 255, 5, 54, 202, 245, 66, 194, 152, 178, 119, 81, 2, 219,
       176, 82, 119, 113, 118, 226, 169, 159, 128, 228, 62, 28, 226, 144,
       135, 252, 167, 192, 22, 233, 19, 67, 111, 128, 45, 189, 217, 56,
       14, 161, 108, 38, 112, 82, 53, 249, 198, 55, 86, 26, 18, 121, 248,
       143, 127, 149, 141, 222, 209, 28, 214, 35, 250, 193, 40, 133, 58,
       26, 242, 232, 40, 24, 56, 209, 24, 136, 142, 116, 132, 136, 161,
       206, 222, 118, 79, 241, 249, 193, 206, 79, 238, 81, 155, 49, 143,
       255, 20, 132, 30, 100, 74, 60, 145, 185, 169, 236, 49, 3, 190, 91,
       8, 81, 188, 183, 65, 90, 133, 59, 249, 17, 19, 76, 210, 115, 197,
       181, 90, 58, 144, 65, 7, 123, 74, 53, 57, 165, 48, 238, 120, 23,
       41, 73, 106, 125, 191, 23, 0, 82, 134, 63, 253, 4, 145, 216, 145,
       77, 199, 253, 58, 128, 8, 128, 7, 123, 212, 52, 222, 116, 42, 104,
       81, 18, 178, 187, 181, 56, 87, 247, 194, 27, 39, 181, 125, 18, 56,
       67, 138, 0, 218, 235, 113, 189, 232, 224, 10, 51, 177, 253, 120,
       108, 61, 159, 84, 254, 125, 104, 252, 92, 26, 24, 150, 49, 152,
       200, 84, 76, 205, 250, 113, 29, 243, 217, 36, 62, 72, 186, 90,
       205, 195, 46, 182, 183, 226, 40, 189, 7, 184, 215, 67, 177, 140,
       170, 87, 75, 167, 111, 121, 21, 180, 220, 166, 226, 196, 58, 94,
       130, 132, 85, 131, 203, 247, 237, 140, 164, 168, 20, 94, 188, 19,
       254, 130, 157, 215, 46, 83, 91, 213, 197, 125, 247, 237, 71, 255,
       130, 250, 243, 237, 189, 172, 116, 26, 94, 82, 42, 90, 116, 122,
       172, 121, 22, 171, 37, 178, 185, 63, 159, 68, 18, 166, 183, 125,
       148, 2, 75, 194, 65, 210, 188, 186, 250, 40, 128, 3, 35, 119, 225,
       152, 90, 153, 84, 70, 136, 211, 183, 165, 24, 67, 242, 79, 254,
       217, 199, 104, 250, 94, 67, 251, 32, 187, 255, 197, 127, 144, 123,
       170, 4, 98, 136, 236, 95, 93, 240, 152, 174, 210, 21, 229, 146,
       97, 124, 22, 115, 73, 242, 241, 193, 46, 75, 239, 125, 11, 42,
       218, 3, 213, 64, 246, 174, 101, 181, 188, 37, 188, 15, 247, 190,
       122, 246, 62, 13, 215, 124, 94, 35, 151, 71, 124, 119, 246, 224,
       253, 26, 237, 223, 103, 52, 196, 240, 195, 195, 51, 163, 175, 89,
       73, 55, 168, 89, 126, 28, 245, 70, 40, 142, 212, 185, 252, 157,
       226, 140, 158, 243, 243, 81, 23, 235, 211, 1, 65, 1, 111, 228,
       107, 173, 163, 150, 253, 205, 103, 35, 219, 255, 79, 29, 230, 229,
       210, 87, 129, 110, 108, 14, 121, 90, 234, 170, 253, 114, 197, 58,
       10, 108, 146, 118, 231, 168, 140, 215, 201, 156, 108, 143, 186,
       179, 160, 24, 64, 179, 69, 251, 193, 126, 120, 152, 90, 94, 218,
       32, 31, 251, 213, 109, 128, 112, 202, 132, 54, 134, 236, 95, 222,
       6, 206, 249, 16, 150, 224, 199, 97, 105, 29, 19, 93, 214, 19, 174,
       232, 242, 95, 111, 63, 42, 205, 4, 125, 240, 114, 130, 252, 124,
       189, 118, 232, 111, 85, 184, 178, 186, 165, 24, 87, 247, 73, 59,
       133, 215, 125, 58, 121, 103, 250, 48, 219, 235, 117, 60, 224, 243,
       198, 179, 150, 173, 183, 146, 151, 139, 190, 236, 190, 21, 139,
       147, 237, 234, 124, 131, 179, 67, 217, 215, 114, 205, 29, 255,
       185, 70, 31, 71, 165, 86, 167, 96, 102, 0, 198, 142, 237, 34, 79,
       56, 177, 134, 199, 133, 64, 227, 19, 95, 81, 196, 125, 110, 88,
       195, 219, 202, 82, 54, 197, 158, 174, 247, 116, 114, 196, 119,
       255, 103, 32, 46, 127, 188, 57, 206, 231, 157, 215, 103, 11, 19,
       150, 213, 109, 110, 232, 212, 249, 106, 231, 251, 101, 4, 96, 243,
       7, 114, 19, 43, 187, 123, 200, 181, 184, 86, 103, 17, 122, 210,
       41, 174, 244, 170, 238, 187, 226, 144, 150, 251, 167, 113, 31,
       233, 154, 193, 225, 192, 47, 140, 118, 108, 242, 86, 211, 46, 111,
       202, 59, 166, 238, 137, 76, 227, 65, 86, 55, 223, 107, 158, 32,
       83, 153, 106, 125, 190, 15, 100, 227, 243, 167, 160, 116, 56, 216,
       114, 168, 237, 81, 144, 162, 187, 165, 28, 23, 183, 67, 26, 5,
       247, 109, 18, 26, 99, 219, 48, 219, 207, 117, 56, 232, 227, 6, 59,
       84, 78, 158, 183, 140, 46, 92, 174, 178, 191, 178, 11, 103, 108,
       91, 11, 173, 231, 108, 35, 44, 229, 171, 40, 217, 227, 117, 21,
       225, 121, 4, 72, 121, 56, 122, 114, 45, 189, 81, 86, 243, 126,
       180, 24, 59, 221, 86, 57, 129, 178, 125, 12, 158, 111, 242, 49,
       211, 219, 81, 57, 98, 136, 78, 107, 80, 252, 156, 118, 168, 44,
       93, 159, 162, 186, 167, 61, 151, 55, 66, 91, 133, 213, 125, 28,
       40, 79, 219, 32, 219, 171, 117, 180, 168, 208, 130, 59, 106, 231,
       165, 144, 253, 141, 77, 191, 147, 183, 10, 157, 132, 165, 80, 214,
       65, 230, 233, 29, 74, 74, 194, 147, 237, 86, 221, 124, 134, 140,
       148, 104, 252, 166, 140, 243, 141, 59, 70, 136, 147, 183, 135,
       152, 195, 99, 75, 91, 81, 198, 236, 50, 62, 67, 203, 178, 186,
       215, 213, 125, 162, 251, 220, 4, 125, 109, 41, 165, 244, 15, 79,
       189, 97, 230, 238, 13, 215, 103, 19, 48, 88, 204, 93, 110, 232,
       146, 249, 14, 247, 237, 37, 20, 96, 243, 214, 106, 76, 183, 113,
       67, 243, 10, 123, 152, 59, 52, 97, 236, 142, 7, 133, 149, 151, 93,
       205, 120, 162, 240, 249, 220, 175, 248, 5, 102, 66, 130, 7, 105,
       2, 202, 164, 223, 89, 148, 169, 238, 183, 29, 212, 18, 104, 103,
       180, 95, 237, 115, 51, 205, 162, 203, 43, 253, 63, 118, 222, 203,
       19, 20, 183, 236, 247, 189, 156, 216, 203, 116, 20, 143, 155, 177,
       172, 26, 24, 178, 71, 127, 225, 215, 248, 144, 63, 75, 219, 242,
       155, 178, 223, 127, 153, 97, 170, 6, 135, 225, 211, 83, 224, 27,
       174, 237, 127, 115, 115, 120, 220, 120, 156, 188, 183, 87, 90, 46,
       229, 244, 173, 254, 44, 30, 71, 38, 205, 242, 195, 165, 201, 180,
       178, 16, 173, 189, 177, 87, 250, 223, 180, 61, 190, 185, 194, 15,
       167, 35, 222, 5, 182, 105, 146, 241, 214, 27, 82, 58, 202, 84,
       131, 203, 172, 6, 175, 35, 164, 95, 118, 150, 125, 110, 242, 93,
       195, 45, 21, 152, 156, 196, 229, 117, 188, 180, 97, 42, 231, 255,
       84, 17, 193, 249, 214, 242, 76, 60, 177, 185, 137, 236, 49, 3,
       190, 91, 72, 17, 188, 215, 65, 72, 129, 59, 251, 17, 51, 73, 210,
       115, 197, 183, 26, 40, 144, 69, 7, 243, 178, 251, 238, 91, 224,
       54, 173, 214, 62, 53, 246, 180, 8, 134, 132, 180, 127, 94, 226,
       156, 154, 254, 187, 115, 31, 251, 150, 194, 195, 208, 231, 253,
       232, 113, 63, 101, 1, 78, 119, 48, 120, 44, 102, 8, 246, 87, 9,
       48, 144, 84, 124, 106, 65, 244, 241, 13, 231, 251, 5, 16, 64, 50,
       71, 123, 5, 233, 59, 90, 77, 148, 170, 216, 246, 88, 244, 64, 184,
       200, 189, 164, 220, 43, 50, 207, 207, 162, 254, 113, 5, 56, 130,
       40, 81, 3, 43, 228, 24, 98, 63, 109, 26, 91, 184, 72, 230, 105,
       251, 226, 159, 142, 128, 160, 174, 157, 238, 129, 141, 179, 229,
       81, 211, 225, 42, 21, 97, 130, 47, 129, 109, 101, 189, 103, 165,
       95, 103, 184, 105, 232, 47, 8, 210, 117, 91, 58, 145, 68, 120,
       110, 129, 240, 249, 40, 239, 255, 69, 52, 194, 251, 66, 96, 49,
       34, 95, 76, 72, 83, 168, 73, 238, 104, 245, 224, 137, 140, 148,
       164, 110, 157, 198, 160, 197, 179, 229, 80, 23, 249, 50, 167, 65,
       130, 111, 165, 25, 49, 90, 33, 103, 91, 176, 120, 236, 232, 250,
       111, 92, 152, 42, 160, 186, 29, 198, 97, 197, 179, 144, 92, 86,
       65, 43, 43, 77, 6, 107, 155, 99, 237, 136, 82, 201, 157, 92, 135,
       154, 179, 44, 24, 176, 178, 71, 122, 201, 255, 50, 152, 94, 90,
       210, 50, 111, 31, 213, 121, 144, 88, 202, 142, 16, 112, 255, 101,
       34, 91, 176, 71, 110, 233, 242, 226, 159, 156, 134, 32, 162, 61,
       238, 1, 133, 249, 37, 80, 214, 193, 58, 131, 101, 0, 45, 143, 10,
       50, 102, 201, 97, 134, 41, 80, 55, 37, 199, 164, 8, 7, 130, 220,
