%YAML:1.0
---
pts:
   - [ 938., 1095., 31., 2.3397349548339844e+02, 4.6054571866989136e-03,
       0, -1 ]
   - [ 1107., 1119., 31., 2.8094635009765625e+02, 4.7872741706669331e-03,
       0, -1 ]
   - [ 747., 1537., 31., 2.6481266021728516e+01, 4.6062329784035683e-03,
       0, -1 ]
   - [ 559., 1070., 31., 2.7177096557617188e+02, 5.0850696861743927e-03,
       0, -1 ]
   - [ 897., 1059., 31., 2.8063641357421875e+02, 4.9942638725042343e-03,
       0, -1 ]
   - [ 742., 1390., 31., 3.1719741821289062e+02, 5.5186408571898937e-03,
       0, -1 ]
   - [ 932., 1084., 31., 1.4100682067871094e+02, 4.9666645936667919e-03,
       0, -1 ]
   - [ 740., 1389., 31., 3.2633267211914062e+02, 4.9901055172085762e-03,
       0, -1 ]
   - [ 585., 1070., 31., 2.6834155273437500e+02, 4.9053216353058815e-03,
       0, -1 ]
   - [ 1118., 920., 31., 3.0863024902343750e+02, 5.2049714140594006e-03,
       0, -1 ]
   - [ 864., 884., 31., 4.8917560577392578e+01, 5.7319775223731995e-03,
       0, -1 ]
   - [ 861., 898., 31., 2.8367428588867188e+02, 4.9608652479946613e-03,
       0, -1 ]
   - [ 935., 1538., 31., 1.7947935485839844e+02, 5.1415837369859219e-03,
       0, -1 ]
   - [ 760., 1388., 31., 2.0981353759765625e+02, 6.5768635831773281e-03,
       0, -1 ]
   - [ 895., 900., 31., 2.8185278320312500e+02, 4.8193545080721378e-03,
       0, -1 ]
   - [ 566., 1072., 31., 2.6672851562500000e+02, 7.8851655125617981e-03,
       0, -1 ]
   - [ 728., 1068., 31., 2.5691421508789062e+02, 6.7419172264635563e-03,
       0, -1 ]
   - [ 726., 1058., 31., 1.6578025817871094e+02, 5.3223664872348309e-03,
       0, -1 ]
   - [ 901., 1124., 31., 2.6980249023437500e+02, 5.0281239673495293e-03,
       0, -1 ]
   - [ 1099., 1364., 31., 3.5149322509765625e+02, 4.6529262326657772e-03,
       0, -1 ]
   - [ 1109., 1274., 31., 1.1773307800292969e+02, 4.7365790233016014e-03,
       0, -1 ]
   - [ 894., 1109., 31., 2.0330989837646484e+01, 4.9351090565323830e-03,
       0, -1 ]
   - [ 909., 1062., 31., 2.7043356323242188e+02, 6.0895523056387901e-03,
       0, -1 ]
   - [ 927., 1095., 31., 2.6604919433593750e+02, 5.6218416430056095e-03,
       0, -1 ]
   - [ 920., 1080., 31., 8.8309738159179688e+01, 4.9585057422518730e-03,
       0, -1 ]
   - [ 915., 1095., 31., 2.6887506103515625e+02, 5.1065860316157341e-03,
       0, -1 ]
   - [ 877., 913., 31., 5.1478347778320312e+01, 4.7625494189560413e-03,
       0, -1 ]
   - [ 1125., 1614., 31., 2.6541143798828125e+02, 4.7392942942678928e-03,
       0, -1 ]
   - [ 902., 1063., 31., 2.8484735107421875e+02, 6.0088490135967731e-03,
       0, -1 ]
   - [ 560., 1064., 31., 6.4556449890136719e+01, 5.8397073298692703e-03,
       0, -1 ]
   - [ 926., 1056., 31., 2.1904737854003906e+02, 5.4250736720860004e-03,
       0, -1 ]
   - [ 889., 1056., 31., 3.0224481201171875e+02, 4.9165948294103146e-03,
       0, -1 ]
   - [ 875., 1046., 31., 9.6044746398925781e+01, 6.8199937231838703e-03,
       0, -1 ]
   - [ 889., 1092., 31., 2.6099847412109375e+02, 5.5274777114391327e-03,
       0, -1 ]
   - [ 900., 1081., 31., 7.9871200561523438e+01, 5.9229158796370029e-03,
       0, -1 ]
   - [ 719., 1055., 31., 6.5042579650878906e+01, 4.6730185858905315e-03,
       0, -1 ]
   - [ 891., 1055., 31., 3.1322695922851562e+02, 6.8237911909818649e-03,
       0, -1 ]
   - [ 899., 938., 31., 2.3191081237792969e+02, 4.9986550584435463e-03,
       0, -1 ]
   - [ 849., 672., 31., 3.5208023071289062e+02, 3.2896979246288538e-03,
       0, -1 ]
   - [ 883., 894., 31., 3.0435546875000000e+02, 4.3485304340720177e-03,
       0, -1 ]
   - [ 1119., 1213., 31., 1.9020176696777344e+02, 4.3765059672296047e-03,
       0, -1 ]
   - [ 1112., 922., 31., 2.6054663085937500e+02, 4.2593837715685368e-03,
       0, -1 ]
   - [ 692., 887., 31., 5.4168125152587891e+01, 3.6310737486928701e-03,
       0, -1 ]
   - [ 767., 1537., 31., 1.5442420959472656e+02, 4.5538987033069134e-03,
       0, -1 ]
   - [ 865., 882., 31., 7.3523529052734375e+01, 3.4535110462456942e-03,
       0, -1 ]
   - [ 1083., 881., 31., 3.1460461425781250e+02, 4.5394664630293846e-03,
       0, -1 ]
   - [ 1138., 1436., 31., 1.2163427734375000e+02, 3.9730481803417206e-03,
       0, -1 ]
   - [ 745., 1081., 31., 1.1919041442871094e+02, 3.8396411109715700e-03,
       0, -1 ]
   - [ 1136., 1435., 31., 1.1181343841552734e+02, 3.7616326007992029e-03,
       0, -1 ]
   - [ 572., 1074., 31., 2.7234240722656250e+02, 4.1116229258477688e-03,
       0, -1 ]
   - [ 893., 943., 31., 5.4362232208251953e+01, 3.3642682246863842e-03,
       0, -1 ]
   - [ 1104., 918., 31., 3.2412408447265625e+02, 3.8770213723182678e-03,
       0, -1 ]
   - [ 891., 1085., 31., 1.0407164764404297e+02, 4.0657599456608295e-03,
       0, -1 ]
   - [ 756., 1056., 31., 1.1518688964843750e+02, 3.5368450917303562e-03,
       0, -1 ]
   - [ 719., 1064., 31., 2.9095544433593750e+02, 3.5681971348822117e-03,
       0, -1 ]
   - [ 925., 1054., 31., 2.0445687866210938e+02, 3.8156569935381413e-03,
       0, -1 ]
   - [ 1112., 1437., 31., 9.3495079040527344e+01, 3.6323734093457460e-03,
       0, -1 ]
   - [ 1095., 1282., 31., 3.5244955444335938e+02, 4.1393553838133812e-03,
       0, -1 ]
   - [ 871., 1054., 31., 2.9246166992187500e+02, 3.4680096432566643e-03,
       0, -1 ]
   - [ 902., 892., 31., 2.7524707031250000e+02, 3.5708714276552200e-03,
       0, -1 ]
   - [ 915., 1528., 31., 5.7101444244384766e+01, 4.1753151454031467e-03,
       0, -1 ]
   - [ 759., 1556., 31., 2.5931427001953125e+02, 3.4100085031241179e-03,
       0, -1 ]
   - [ 1112., 1615., 31., 3.0665872192382812e+02, 4.5945202000439167e-03,
       0, -1 ]
   - [ 1124., 1450., 31., 2.7556488037109375e+02, 3.7360580172389746e-03,
       0, -1 ]
   - [ 707., 907., 31., 2.7149322509765625e+02, 3.6595908459275961e-03,
       0, -1 ]
   - [ 866., 1060., 31., 2.9448870849609375e+02, 3.7160876672714949e-03,
       0, -1 ]
   - [ 756., 1063., 31., 2.4790893554687500e+02, 4.3943584896624088e-03,
       0, -1 ]
   - [ 1118., 1614., 31., 2.8916021728515625e+02, 4.4530844315886497e-03,
       0, -1 ]
   - [ 735., 1068., 31., 2.7396975708007812e+02, 3.7744217552244663e-03,
       0, -1 ]
   - [ 587., 1070., 31., 2.7611132812500000e+02, 3.4510293044149876e-03,
       0, -1 ]
   - [ 902., 899., 31., 2.6855981445312500e+02, 3.3106037881225348e-03,
       0, -1 ]
   - [ 614., 1063., 31., 1.6001742553710938e+02, 3.8407107349485159e-03,
       0, -1 ]
   - [ 905., 929., 31., 2.2790383911132812e+02, 4.2973230592906475e-03,
       0, -1 ]
   - [ 904., 921., 31., 1.3047915649414062e+02, 3.7976682651787996e-03,
       0, -1 ]
   - [ 891., 1049., 31., 8.0618469238281250e+01, 4.0754899382591248e-03,
       0, -1 ]
   - [ 915., 1045., 31., 8.5983528137207031e+01, 3.4352263901382685e-03,
       0, -1 ]
   - [ 694., 908., 31., 3.0032995605468750e+02, 3.4550204873085022e-03,
       0, -1 ]
   - [ 907., 1049., 31., 8.6637817382812500e+01, 3.8156062364578247e-03,
       0, -1 ]
   - [ 909., 1049., 31., 8.1941741943359375e+01, 4.3153255246579647e-03,
       0, -1 ]
   - [ 925., 1049., 31., 1.4122488403320312e+02, 4.1864668019115925e-03,
       0, -1 ]
   - [ 727., 1049., 31., 1.0663537597656250e+02, 4.3467450886964798e-03,
       0, -1 ]
   - [ 865., 892., 31., 2.8922030639648438e+02, 3.3178902231156826e-03,
       0, -1 ]
   - [ 719., 1061., 31., 3.0674893188476562e+02, 3.5550973843783140e-03,
       0, -1 ]
   - [ 1099., 1111., 31., 9.5334907531738281e+01, 3.4600435756146908e-03,
       0, -1 ]
   - [ 1099., 1125., 31., 2.7282257080078125e+02, 3.7863356992602348e-03,
       0, -1 ]
   - [ 733., 1053., 31., 8.9822402954101562e+01, 3.4807140473276377e-03,
       0, -1 ]
   - [ 917., 1549., 31., 2.9333166503906250e+02, 4.6002771705389023e-03,
       0, -1 ]
   - [ 868., 885., 31., 8.9906509399414062e+01, 3.7035990972071886e-03,
       0, -1 ]
   - [ 926., 1080., 31., 8.8386199951171875e+01, 3.9513981901109219e-03,
       0, -1 ]
   - [ 731., 1096., 31., 3.0850137329101562e+02, 4.0122983045876026e-03,
       0, -1 ]
