%YAML:1.0
---
pts:
   - [ 341., 987., 31., 3.8416252136230469e+00, 4.1579375974833965e-03,
       0, -1 ]
   - [ 1048., 896., 31., 6.4116683959960938e+01, 8.0495169386267662e-03,
       0, -1 ]
   - [ 1252., 1075., 31., 2.7228704833984375e+02, 4.6642483212053776e-03,
       0, -1 ]
   - [ 806., 1094., 31., 2.7455072021484375e+02, 4.6398290432989597e-03,
       0, -1 ]
   - [ 1246., 1074., 31., 2.4803298950195312e+02, 6.2529840506613255e-03,
       0, -1 ]
   - [ 688., 687., 31., 3.8277885437011719e+01, 4.9909669905900955e-03,
       0, -1 ]
   - [ 1264., 1089., 31., 1.2341976928710938e+02, 5.4522193968296051e-03,
       0, -1 ]
   - [ 1053., 687., 31., 2.9507080078125000e+02, 5.6155011989176273e-03,
       0, -1 ]
   - [ 1213., 891., 31., 5.5784282684326172e+01, 4.2633293196558952e-03,
       0, -1 ]
   - [ 825., 1568., 31., 5.0991577148437500e+01, 5.6556025519967079e-03,
       0, -1 ]
   - [ 1051., 1074., 31., 2.9623193359375000e+02, 5.1604867912828922e-03,
       0, -1 ]
   - [ 659., 1310., 31., 1.9828289794921875e+02, 5.1940656267106533e-03,
       0, -1 ]
   - [ 1129., 1073., 31., 2.2447807312011719e+02, 4.1812648996710777e-03,
       0, -1 ]
   - [ 820., 917., 31., 2.5432316589355469e+02, 6.1390390619635582e-03,
       0, -1 ]
   - [ 645., 1288., 31., 7.2953811645507812e+01, 4.2821513488888741e-03,
       0, -1 ]
   - [ 1263., 1075., 31., 2.7245504760742188e+02, 4.9311006441712379e-03,
       0, -1 ]
   - [ 816., 1081., 31., 8.4811439514160156e+01, 7.3072412051260471e-03,
       0, -1 ]
   - [ 1099., 1073., 31., 2.5227627563476562e+02, 4.3968386016786098e-03,
       0, -1 ]
   - [ 725., 919., 31., 2.6820812988281250e+02, 6.5035279840230942e-03,
       0, -1 ]
   - [ 1114., 1554., 31., 1.1839614105224609e+02, 5.0653326325118542e-03,
       0, -1 ]
   - [ 725., 914., 31., 6.5630027770996094e+01, 6.8226912990212440e-03,
       0, -1 ]
   - [ 1111., 1064., 31., 8.8340866088867188e+01, 4.6883663162589073e-03,
       0, -1 ]
   - [ 638., 1322., 31., 2.9898315429687500e+02, 5.9521025978028774e-03,
       0, -1 ]
   - [ 1087., 1079., 31., 2.7125354003906250e+02, 5.5004172027111053e-03,
       0, -1 ]
   - [ 834., 1560., 31., 1.0320859527587891e+02, 4.8055718652904034e-03,
       0, -1 ]
   - [ 861., 1559., 31., 1.1724005126953125e+02, 4.2731617577373981e-03,
       0, -1 ]
   - [ 1048., 715., 31., 2.8924707031250000e+02, 4.2467075400054455e-03,
       0, -1 ]
   - [ 1265., 1106., 31., 2.3705560302734375e+02, 4.5475945807993412e-03,
       0, -1 ]
   - [ 859., 1559., 31., 1.0880947875976562e+02, 4.6446402557194233e-03,
       0, -1 ]
   - [ 784., 1082., 31., 6.7942573547363281e+01, 5.6765750050544739e-03,
       0, -1 ]
   - [ 1057., 675., 31., 5.6384002685546875e+01, 5.9984293766319752e-03,
       0, -1 ]
   - [ 1137., 1075., 31., 2.0868450927734375e+02, 4.4300286099314690e-03,
       0, -1 ]
   - [ 799., 1072., 31., 9.4504447937011719e+01, 4.2963330633938313e-03,
       0, -1 ]
   - [ 692., 913., 31., 8.8546730041503906e+01, 6.4595174044370651e-03,
       0, -1 ]
   - [ 786., 1083., 31., 4.5591239929199219e+01, 4.4383876956999302e-03,
       0, -1 ]
   - [ 592., 1123., 31., 3.5434371948242188e+02, 8.3513902500271797e-03,
       0, -1 ]
   - [ 1109., 914., 31., 2.5305015563964844e+02, 5.4611479863524437e-03,
       0, -1 ]
   - [ 554., 1416., 31., 3.3154519653320312e+02, 5.4529174230992794e-03,
       0, -1 ]
   - [ 850., 683., 31., 4.1899169921875000e+01, 4.9044582992792130e-03,
       0, -1 ]
   - [ 1067., 915., 31., 2.7668722534179688e+02, 6.5469387918710709e-03,
       0, -1 ]
   - [ 1096., 1565., 31., 3.5323791503906250e+02, 6.5053091384470463e-03,
       0, -1 ]
   - [ 741., 908., 31., 9.6747665405273438e+01, 5.1670535467565060e-03,
       0, -1 ]
   - [ 599., 1420., 31., 2.7183880615234375e+02, 8.2429917529225349e-03,
       0, -1 ]
   - [ 593., 1162., 31., 3.2644683837890625e+02, 6.6775619052350521e-03,
       0, -1 ]
   - [ 590., 1420., 31., 2.6709652709960938e+02, 7.7433148398995399e-03,
       0, -1 ]
   - [ 578., 1420., 31., 2.6311276245117188e+02, 6.8018464371562004e-03,
       0, -1 ]
   - [ 1075., 1069., 31., 5.8925468444824219e+01, 7.3189693503081799e-03,
       0, -1 ]
   - [ 608., 1419., 31., 2.6931903076171875e+02, 7.4647869914770126e-03,
       0, -1 ]
   - [ 766., 908., 31., 9.4111640930175781e+01, 4.7355615533888340e-03,
       0, -1 ]
   - [ 627., 1417., 31., 2.2801873779296875e+02, 7.6410272158682346e-03,
       0, -1 ]
   - [ 566., 1416., 31., 2.8460534667968750e+02, 6.1410274356603622e-03,
       0, -1 ]
   - [ 767., 930., 31., 2.6686767578125000e+02, 6.9012711755931377e-03,
       0, -1 ]
   - [ 675., 908., 31., 6.8961395263671875e+01, 5.9802532196044922e-03,
       0, -1 ]
   - [ 1102., 1068., 31., 4.8322750091552734e+01, 4.9523799680173397e-03,
       0, -1 ]
   - [ 566., 1414., 31., 2.8501202392578125e+02, 7.9813068732619286e-03,
       0, -1 ]
   - [ 592., 1112., 31., 7.0727306604385376e-01, 6.7238621413707733e-03,
       0, -1 ]
   - [ 586., 1409., 31., 8.1225708007812500e+01, 6.1750672757625580e-03,
       0, -1 ]
   - [ 791., 1095., 31., 2.7464022827148438e+02, 5.1862527616322041e-03,
       0, -1 ]
   - [ 780., 1095., 31., 2.7191989135742188e+02, 4.2301695793867111e-03,
       0, -1 ]
   - [ 616., 1407., 31., 1.6640969848632812e+02, 6.6515323705971241e-03,
       0, -1 ]
   - [ 813., 910., 31., 9.4224311828613281e+01, 4.3590096756815910e-03,
       0, -1 ]
   - [ 821., 910., 31., 8.6946609497070312e+01, 8.7178628891706467e-03,
       0, -1 ]
   - [ 1073., 1068., 31., 8.7022529602050781e+01, 7.6531344093382359e-03,
       0, -1 ]
   - [ 835., 910., 31., 1.2523825836181641e+02, 4.6461755409836769e-03,
       0, -1 ]
   - [ 1088., 1058., 31., 8.7279388427734375e+01, 5.0456454046070576e-03,
       0, -1 ]
   - [ 1115., 1574., 31., 2.3874603271484375e+02, 5.0462596118450165e-03,
       0, -1 ]
   - [ 826., 1575., 31., 3.0062255859375000e+02, 5.2896495908498764e-03,
       0, -1 ]
   - [ 625., 1404., 31., 1.5905818176269531e+02, 5.9150434099137783e-03,
       0, -1 ]
   - [ 1115., 1058., 31., 9.0914817810058594e+01, 5.2552809938788414e-03,
       0, -1 ]
   - [ 505., 987., 31., 1.5221117019653320e+01, 4.2445408180356026e-03,
       0, -1 ]
   - [ 572., 1403., 31., 1.0202686309814453e+02, 5.3455694578588009e-03,
       0, -1 ]
   - [ 598., 1092., 31., 3.5678140258789062e+02, 4.2623924091458321e-03,
       0, -1 ]
   - [ 1073., 912., 31., 2.8174584960937500e+02, 9.7878603264689445e-03,
       0, -1 ]
   - [ 1129., 1067., 31., 1.3849783325195312e+02, 4.9118027091026306e-03,
       0, -1 ]
   - [ 858., 697., 31., 3.0053497314453125e+02, 5.9599787928164005e-03,
       0, -1 ]
   - [ 760., 911., 31., 8.9725975036621094e+01, 5.5796350352466106e-03,
       0, -1 ]
   - [ 795., 917., 31., 2.8541485595703125e+02, 6.3016773201525211e-03,
       0, -1 ]
   - [ 616., 1402., 31., 1.1744812011718750e+02, 8.6747994646430016e-03,
       0, -1 ]
   - [ 1100., 1067., 31., 1.0155482482910156e+02, 7.6961191371083260e-03,
       0, -1 ]
   - [ 1045., 1060., 31., 3.3750560760498047e+01, 5.9555047191679478e-03,
       0, -1 ]
   - [ 787., 911., 31., 6.6477134704589844e+01, 8.1982230767607689e-03,
       0, -1 ]
   - [ 634., 1299., 31., 1.7691524505615234e+01, 6.5400344319641590e-03,
       0, -1 ]
   - [ 614., 1401., 31., 1.0398043823242188e+02, 8.8093392550945282e-03,
       0, -1 ]
   - [ 1047., 915., 31., 3.0449038696289062e+02, 6.0857739299535751e-03,
       0, -1 ]
   - [ 647., 1306., 31., 2.2401342773437500e+02, 4.6275733038783073e-03,
       0, -1 ]
   - [ 597., 1399., 31., 7.3382827758789062e+01, 7.4566593393683434e-03,
       0, -1 ]
   - [ 601., 1398., 31., 6.7393501281738281e+01, 7.3059718124568462e-03,
       0, -1 ]
   - [ 605., 1590., 31., 1.1175717163085938e+02, 5.0868154503405094e-03,
       0, -1 ]
   - [ 579., 1398., 31., 1.0126866149902344e+02, 7.3092007078230381e-03,
       0, -1 ]
   - [ 621., 1397., 31., 1.2987042236328125e+02, 5.7039400562644005e-03,
       0, -1 ]
