%YAML:1.0
---
pairMat: !!opencv-matrix
   rows: 15
   cols: 2
   dt: i
   data: [ 0, 1, 0, 2, 0, 3, 0, 4, 0, 5, 1, 2, 1, 3, 1, 4, 1, 5, 2, 3, 2,
       4, 2, 5, 3, 4, 3, 5, 4, 5 ]
matches_0:
   - [ 2, 437, 0, 2.9483892822265625e+02 ]
   - [ 19, 482, 0, 3.1380566406250000e+02 ]
   - [ 23, 411, 0, 3.0343533325195312e+02 ]
   - [ 119, 296, 0, 3.2749807739257812e+02 ]
   - [ 144, 465, 0, 4.2328833007812500e+02 ]
   - [ 192, 437, 0, 2.4786488342285156e+02 ]
   - [ 205, 346, 0, 2.6205151367187500e+02 ]
   - [ 226, 411, 0, 2.1741665649414062e+02 ]
   - [ 303, 346, 0, 2.6428582763671875e+02 ]
   - [ 315, 411, 0, 1.8373895263671875e+02 ]
   - [ 350, 346, 0, 2.1164120483398438e+02 ]
   - [ 460, 437, 0, 1.8937528991699219e+02 ]
   - [ 469, 437, 0, 2.0248210144042969e+02 ]
   - [ 473, 437, 0, 2.2721356201171875e+02 ]
   - [ 496, 411, 0, 2.1340571594238281e+02 ]
matches_1:
   - [ 10, 52, 0, 3.5815917968750000e+02 ]
   - [ 12, 285, 0, 3.3394161987304688e+02 ]
   - [ 23, 153, 0, 2.6113024902343750e+02 ]
   - [ 99, 151, 0, 3.2413885498046875e+02 ]
   - [ 122, 52, 0, 3.9301400756835938e+02 ]
   - [ 165, 52, 0, 4.1893316650390625e+02 ]
   - [ 181, 385, 0, 2.7404562377929688e+02 ]
   - [ 227, 285, 0, 4.2689810180664062e+02 ]
   - [ 267, 127, 0, 4.1921237182617188e+02 ]
   - [ 284, 153, 0, 3.0047961425781250e+02 ]
   - [ 294, 421, 0, 2.9717840576171875e+02 ]
   - [ 306, 53, 0, 3.1766177368164062e+02 ]
   - [ 336, 53, 0, 3.1188619995117188e+02 ]
   - [ 360, 151, 0, 2.9121813964843750e+02 ]
   - [ 379, 385, 0, 2.1720266723632812e+02 ]
matches_2:
   - [ 192, 490, 0, 2.1305398559570312e+02 ]
   - [ 226, 466, 0, 2.2003408813476562e+02 ]
   - [ 276, 466, 0, 2.9108245849609375e+02 ]
   - [ 298, 381, 0, 2.7442303466796875e+02 ]
   - [ 352, 466, 0, 2.5797674560546875e+02 ]
   - [ 360, 466, 0, 3.0646044921875000e+02 ]
   - [ 363, 466, 0, 2.0259565734863281e+02 ]
   - [ 379, 466, 0, 3.0179959106445312e+02 ]
   - [ 402, 466, 0, 2.1509068298339844e+02 ]
   - [ 404, 466, 0, 3.1029339599609375e+02 ]
   - [ 406, 472, 0, 1.7859730529785156e+02 ]
   - [ 416, 466, 0, 3.5312744140625000e+02 ]
   - [ 421, 466, 0, 2.2306501770019531e+02 ]
   - [ 442, 466, 0, 2.9102749633789062e+02 ]
   - [ 447, 490, 0, 2.1219566345214844e+02 ]
   - [ 459, 490, 0, 1.4848231506347656e+02 ]
   - [ 460, 490, 0, 1.9764614868164062e+02 ]
   - [ 469, 490, 0, 1.6053036499023438e+02 ]
   - [ 473, 466, 0, 2.5875469970703125e+02 ]
   - [ 474, 466, 0, 3.9845074462890625e+02 ]
   - [ 497, 490, 0, 3.6021661376953125e+02 ]
matches_3:
   - [ 41, 276, 0, 3.4975848388671875e+02 ]
   - [ 69, 389, 0, 3.4985855102539062e+02 ]
   - [ 118, 358, 0, 3.1735940551757812e+02 ]
   - [ 164, 403, 0, 3.9722662353515625e+02 ]
   - [ 217, 389, 0, 2.8193084716796875e+02 ]
   - [ 244, 358, 0, 3.1030145263671875e+02 ]
   - [ 248, 358, 0, 3.2686694335937500e+02 ]
   - [ 275, 215, 0, 3.6553112792968750e+02 ]
   - [ 298, 358, 0, 2.3789703369140625e+02 ]
   - [ 307, 489, 0, 4.0730947875976562e+02 ]
   - [ 346, 389, 0, 2.4127577209472656e+02 ]
   - [ 353, 320, 0, 2.6179190063476562e+02 ]
   - [ 360, 489, 0, 3.0547177124023438e+02 ]
   - [ 409, 320, 0, 2.4213220214843750e+02 ]
   - [ 433, 358, 0, 1.9613261413574219e+02 ]
   - [ 452, 389, 0, 2.6993518066406250e+02 ]
   - [ 454, 358, 0, 2.6049758911132812e+02 ]
matches_4:
   - [ 6, 149, 0, 2.5427740478515625e+02 ]
   - [ 20, 0, 0, 4.1024139404296875e+02 ]
   - [ 22, 264, 0, 3.9088104248046875e+02 ]
   - [ 50, 284, 0, 3.8072036743164062e+02 ]
   - [ 58, 0, 0, 3.4125796508789062e+02 ]
   - [ 63, 400, 0, 4.8183917236328125e+02 ]
   - [ 161, 264, 0, 4.5122500610351562e+02 ]
   - [ 175, 0, 0, 4.7119210815429688e+02 ]
   - [ 176, 264, 0, 3.5075204467773438e+02 ]
   - [ 216, 264, 0, 4.1164791870117188e+02 ]
   - [ 230, 264, 0, 2.7575714111328125e+02 ]
   - [ 242, 391, 0, 3.5226553344726562e+02 ]
   - [ 267, 264, 0, 3.4433123779296875e+02 ]
   - [ 272, 264, 0, 4.8028533935546875e+02 ]
   - [ 275, 284, 0, 2.9091751098632812e+02 ]
   - [ 308, 264, 0, 4.2623583984375000e+02 ]
   - [ 497, 284, 0, 3.7106872558593750e+02 ]
matches_5:
   - [ 6, 39, 0, 2.2222735595703125e+02 ]
   - [ 30, 76, 0, 2.6118002319335938e+02 ]
   - [ 74, 73, 0, 1.8274572753906250e+02 ]
   - [ 84, 6, 0, 4.1461306762695312e+02 ]
   - [ 106, 144, 0, 3.3178457641601562e+02 ]
   - [ 117, 167, 0, 2.9319448852539062e+02 ]
   - [ 131, 144, 0, 3.2289782714843750e+02 ]
   - [ 188, 144, 0, 3.2243139648437500e+02 ]
   - [ 216, 215, 0, 2.5326467895507812e+02 ]
   - [ 227, 218, 0, 1.9459445190429688e+02 ]
   - [ 231, 167, 0, 2.5284382629394531e+02 ]
   - [ 243, 240, 0, 2.9598309326171875e+02 ]
   - [ 314, 240, 0, 2.9966482543945312e+02 ]
   - [ 348, 356, 0, 2.8152264404296875e+02 ]
   - [ 373, 430, 0, 8.1215759277343750e+01 ]
   - [ 406, 394, 0, 1.3294360351562500e+02 ]
   - [ 419, 430, 0, 1.6954940795898438e+02 ]
   - [ 464, 354, 0, 2.0269927978515625e+02 ]
   - [ 475, 481, 0, 1.4069470214843750e+02 ]
   - [ 491, 471, 0, 90. ]
matches_6:
   - [ 36, 392, 0, 1.1225417327880859e+02 ]
   - [ 49, 393, 0, 3.3575289916992188e+02 ]
   - [ 114, 301, 0, 2.5806588745117188e+02 ]
   - [ 121, 217, 0, 2.9524566650390625e+02 ]
   - [ 133, 301, 0, 2.9113742065429688e+02 ]
   - [ 246, 301, 0, 2.3029328918457031e+02 ]
   - [ 251, 301, 0, 2.0109947204589844e+02 ]
   - [ 257, 301, 0, 2.4562980651855469e+02 ]
   - [ 261, 392, 0, 2.4143322753906250e+02 ]
   - [ 264, 301, 0, 2.7965515136718750e+02 ]
   - [ 285, 392, 0, 2.2685899353027344e+02 ]
   - [ 294, 301, 0, 2.9771966552734375e+02 ]
   - [ 296, 472, 0, 2.5374397277832031e+02 ]
   - [ 312, 301, 0, 2.2902401733398438e+02 ]
   - [ 330, 472, 0, 2.7312084960937500e+02 ]
   - [ 335, 301, 0, 2.9888793945312500e+02 ]
   - [ 339, 472, 0, 2.3854768371582031e+02 ]
   - [ 341, 392, 0, 2.9877416992187500e+02 ]
   - [ 353, 392, 0, 2.8155282592773438e+02 ]
   - [ 356, 392, 0, 2.0265487670898438e+02 ]
   - [ 368, 478, 0, 3.3455194091796875e+02 ]
   - [ 369, 392, 0, 2.9399490356445312e+02 ]
   - [ 370, 301, 0, 2.6753317260742188e+02 ]
   - [ 399, 472, 0, 1.3389175415039062e+02 ]
   - [ 400, 472, 0, 2.3985412597656250e+02 ]
   - [ 410, 392, 0, 2.9132800292968750e+02 ]
   - [ 425, 472, 0, 1.7693218994140625e+02 ]
   - [ 428, 472, 0, 1.8504324340820312e+02 ]
   - [ 434, 301, 0, 2.3851205444335938e+02 ]
   - [ 444, 472, 0, 2.3756893920898438e+02 ]
   - [ 447, 472, 0, 2.9722381591796875e+02 ]
   - [ 471, 392, 0, 1.6495756530761719e+02 ]
matches_7:
   - [ 67, 377, 0, 2.5699026489257812e+02 ]
   - [ 103, 377, 0, 3.6299310302734375e+02 ]
   - [ 120, 403, 0, 3.4947531127929688e+02 ]
   - [ 165, 2, 0, 3.2437631225585938e+02 ]
   - [ 196, 169, 0, 3.6378427124023438e+02 ]
   - [ 202, 2, 0, 2.6261950683593750e+02 ]
   - [ 268, 403, 0, 2.9600338745117188e+02 ]
   - [ 270, 377, 0, 2.2500889587402344e+02 ]
   - [ 300, 377, 0, 2.8108184814453125e+02 ]
   - [ 315, 46, 0, 2.2579637145996094e+02 ]
   - [ 407, 377, 0, 3.2930380249023438e+02 ]
   - [ 439, 377, 0, 1.8124017333984375e+02 ]
   - [ 443, 377, 0, 2.3650793457031250e+02 ]
   - [ 451, 377, 0, 1.9148368835449219e+02 ]
   - [ 466, 377, 0, 1.8855238342285156e+02 ]
   - [ 470, 377, 0, 2.3894560241699219e+02 ]
   - [ 471, 377, 0, 2.0747770690917969e+02 ]
   - [ 474, 377, 0, 1.7245579528808594e+02 ]
   - [ 479, 377, 0, 2.1838726806640625e+02 ]
   - [ 486, 377, 0, 2.0306649780273438e+02 ]
   - [ 495, 403, 0, 2.0016992187500000e+02 ]
   - [ 496, 403, 0, 1.9000262451171875e+02 ]
