%YAML:1.0
---
desc: !!opencv-matrix
   rows: 500
   cols: 32
   dt: u
   data: [ 38, 110, 106, 220, 102, 175, 223, 250, 17, 46, 212, 171, 2,
       237, 183, 9, 127, 248, 23, 46, 160, 54, 76, 191, 86, 14, 233, 189,
       53, 249, 90, 163, 199, 254, 175, 159, 172, 199, 173, 173, 222,
       255, 194, 127, 244, 236, 78, 66, 213, 103, 123, 71, 227, 207, 251,
       123, 253, 43, 255, 152, 132, 120, 177, 113, 46, 140, 103, 233,
       140, 167, 139, 170, 22, 115, 90, 147, 209, 13, 60, 193, 207, 18,
       59, 47, 123, 188, 93, 183, 73, 142, 249, 196, 28, 141, 112, 176,
       38, 133, 201, 205, 206, 121, 110, 175, 15, 51, 93, 138, 217, 119,
       252, 230, 123, 90, 51, 46, 81, 16, 251, 241, 167, 15, 215, 45,
       180, 250, 156, 176, 115, 213, 216, 207, 212, 80, 142, 173, 26, 3,
       76, 130, 177, 246, 108, 98, 95, 95, 176, 128, 15, 26, 222, 227,
       38, 188, 158, 44, 189, 250, 249, 156, 130, 176, 149, 155, 205,
       237, 176, 207, 158, 19, 64, 25, 164, 254, 104, 72, 201, 27, 43,
       17, 18, 90, 210, 241, 13, 18, 94, 107, 144, 72, 133, 138, 166,
       188, 103, 215, 244, 75, 103, 248, 63, 242, 210, 187, 211, 245,
       148, 117, 249, 254, 255, 38, 121, 244, 123, 190, 191, 254, 197,
       134, 150, 252, 212, 246, 0, 143, 43, 191, 214, 195, 167, 231, 22,
       4, 72, 3, 181, 226, 33, 64, 89, 123, 3, 195, 114, 184, 74, 63,
       101, 166, 186, 0, 144, 10, 181, 170, 44, 30, 56, 140, 229, 61,
       182, 218, 88, 2, 124, 46, 158, 249, 171, 44, 157, 26, 130, 43,
       144, 34, 80, 179, 86, 93, 0, 63, 91, 253, 75, 130, 190, 163, 36,
       160, 143, 133, 217, 89, 15, 220, 89, 223, 95, 204, 120, 65, 124,
       153, 55, 125, 218, 98, 91, 149, 217, 73, 143, 236, 61, 14, 181,
       83, 21, 128, 191, 137, 150, 194, 171, 171, 94, 73, 78, 18, 148,
       54, 182, 96, 119, 29, 58, 145, 151, 152, 37, 212, 169, 38, 159,
       68, 148, 8, 181, 85, 124, 83, 163, 229, 133, 20, 135, 29, 64, 136,
       223, 102, 129, 189, 112, 198, 124, 220, 191, 203, 217, 186, 209,
       128, 123, 229, 174, 216, 47, 62, 248, 147, 23, 53, 239, 143, 252,
       55, 251, 218, 119, 192, 223, 167, 209, 252, 223, 32, 255, 207,
       127, 191, 157, 242, 255, 254, 254, 63, 143, 206, 237, 235, 120,
       213, 246, 60, 238, 254, 250, 102, 87, 239, 151, 239, 214, 59, 98,
       255, 175, 91, 245, 255, 255, 162, 125, 223, 235, 170, 187, 254,
       245, 155, 169, 121, 180, 95, 104, 124, 59, 101, 32, 78, 123, 50,
       105, 236, 126, 8, 191, 31, 0, 48, 134, 118, 93, 72, 200, 240, 241,
       44, 231, 249, 32, 16, 66, 144, 70, 107, 251, 104, 106, 76, 75,
       213, 250, 96, 169, 68, 229, 143, 40, 206, 55, 149, 236, 173, 219,
       231, 237, 39, 182, 253, 83, 121, 194, 43, 107, 39, 110, 222, 52,
       78, 73, 184, 84, 162, 235, 202, 17, 22, 248, 199, 65, 79, 41, 73,
       93, 221, 3, 243, 10, 182, 80, 165, 117, 160, 139, 68, 181, 121,
       116, 210, 7, 98, 198, 129, 197, 31, 172, 65, 203, 185, 89, 70,
       201, 232, 127, 142, 186, 107, 38, 149, 148, 240, 6, 192, 44, 94,
       111, 226, 205, 127, 217, 133, 178, 121, 254, 211, 132, 210, 188,
       7, 229, 165, 198, 179, 128, 140, 246, 106, 206, 182, 170, 145,
       220, 249, 117, 224, 115, 17, 158, 3, 133, 88, 244, 94, 200, 130,
       151, 189, 15, 142, 41, 55, 172, 15, 67, 87, 181, 131, 32, 67, 68,
       37, 42, 0, 64, 156, 243, 137, 197, 227, 250, 0, 32, 136, 5, 106,
       11, 238, 195, 65, 116, 83, 226, 222, 87, 227, 88, 66, 58, 184,
       245, 164, 27, 72, 22, 28, 143, 252, 165, 154, 46, 92, 149, 172,
       175, 216, 88, 140, 0, 132, 110, 65, 60, 207, 131, 10, 206, 217,
       63, 0, 177, 81, 188, 100, 9, 16, 11, 56, 18, 168, 91, 159, 77,
       158, 161, 84, 89, 10, 84, 170, 201, 159, 27, 190, 61, 180, 179,
       182, 156, 71, 70, 150, 172, 182, 35, 195, 198, 103, 170, 4, 36,
       72, 242, 239, 199, 243, 218, 26, 22, 77, 13, 90, 86, 74, 227, 144,
       207, 192, 62, 99, 154, 227, 128, 163, 76, 206, 101, 72, 119, 241,
       187, 151, 144, 3, 142, 246, 153, 6, 159, 255, 181, 45, 181, 118,
       49, 114, 133, 167, 164, 102, 76, 156, 19, 250, 25, 103, 244, 127,
       89, 74, 209, 207, 53, 151, 201, 210, 233, 184, 201, 214, 255, 182,
       144, 123, 48, 219, 3, 152, 101, 155, 60, 53, 200, 31, 71, 121, 89,
       119, 176, 58, 146, 224, 207, 2, 63, 141, 151, 24, 111, 245, 78,
       24, 186, 212, 28, 204, 80, 93, 55, 227, 199, 216, 244, 84, 110,
       156, 25, 217, 80, 226, 49, 93, 253, 97, 222, 89, 21, 244, 119,
       252, 35, 169, 42, 152, 165, 200, 140, 152, 16, 24, 4, 94, 21, 212,
       108, 7, 183, 82, 158, 190, 151, 102, 16, 55, 229, 107, 109, 112,
       27, 250, 224, 119, 40, 184, 124, 138, 255, 180, 157, 121, 21, 49,
       165, 81, 57, 219, 142, 244, 84, 15, 81, 64, 68, 50, 118, 117, 169,
       111, 208, 170, 48, 24, 7, 232, 243, 163, 15, 42, 86, 10, 187, 216,
       240, 255, 236, 17, 125, 103, 114, 78, 99, 56, 121, 172, 119, 40,
       219, 87, 137, 53, 54, 92, 68, 106, 64, 176, 121, 12, 103, 233, 33,
       4, 98, 171, 70, 35, 129, 125, 251, 225, 182, 198, 117, 151, 88,
       129, 78, 2, 21, 147, 113, 96, 86, 126, 17, 24, 243, 184, 180, 202,
       105, 173, 182, 64, 172, 152, 240, 40, 195, 140, 87, 222, 34, 12,
       110, 35, 169, 10, 123, 80, 253, 98, 156, 115, 38, 215, 60, 174,
       241, 205, 134, 103, 180, 186, 106, 128, 8, 227, 161, 1, 80, 168,
       26, 248, 136, 233, 17, 199, 174, 21, 164, 57, 183, 151, 98, 88,
       197, 51, 235, 16, 18, 15, 194, 49, 217, 193, 58, 121, 144, 64,
       175, 10, 12, 13, 57, 149, 238, 121, 60, 186, 204, 210, 28, 226,
       253, 245, 241, 107, 51, 114, 19, 43, 113, 80, 38, 200, 198, 3,
       111, 41, 150, 233, 21, 233, 85, 204, 216, 136, 142, 23, 86, 207,
       94, 115, 76, 7, 84, 99, 59, 72, 115, 192, 42, 46, 109, 5, 94, 146,
       242, 15, 71, 61, 190, 250, 248, 0, 12, 239, 211, 3, 180, 218, 103,
       7, 107, 229, 127, 4, 139, 129, 210, 196, 35, 110, 128, 26, 83,
       248, 169, 96, 110, 245, 6, 65, 194, 134, 205, 224, 233, 89, 242,
       214, 199, 52, 180, 230, 216, 132, 106, 14, 120, 248, 103, 99, 238,
       243, 34, 80, 148, 250, 150, 200, 127, 40, 70, 10, 221, 120, 113,
       30, 130, 107, 113, 216, 75, 241, 184, 206, 31, 54, 16, 139, 45,
       142, 117, 233, 167, 91, 179, 215, 198, 93, 174, 243, 19, 81, 91,
       175, 20, 93, 5, 255, 135, 31, 108, 183, 174, 185, 246, 186, 219,
       254, 28, 239, 239, 232, 247, 99, 135, 98, 189, 71, 228, 109, 46,
       254, 110, 95, 237, 185, 150, 253, 93, 95, 141, 152, 160, 175, 164,
       14, 234, 224, 20, 114, 83, 215, 151, 8, 48, 75, 78, 78, 19, 15,
       218, 188, 93, 161, 196, 169, 250, 64, 60, 79, 17, 144, 202, 189,
       238, 222, 248, 219, 119, 234, 191, 244, 230, 171, 251, 246, 163,
       115, 119, 247, 255, 194, 108, 91, 255, 255, 255, 251, 207, 59, 36,
       252, 37, 122, 120, 169, 58, 96, 96, 205, 113, 208, 233, 24, 116,
       8, 31, 159, 2, 49, 162, 16, 93, 74, 74, 224, 178, 33, 195, 217,
       32, 25, 98, 129, 70, 170, 179, 220, 106, 212, 86, 87, 164, 99, 80,
       226, 223, 58, 82, 60, 180, 97, 121, 252, 19, 170, 233, 242, 44,
       158, 51, 11, 231, 162, 61, 120, 248, 180, 19, 209, 109, 143, 14,
       6, 28, 125, 5, 88, 213, 230, 81, 87, 188, 103, 94, 149, 31, 173,
       233, 131, 113, 205, 178, 232, 234, 134, 61, 250, 184, 113, 136,
       218, 51, 154, 101, 133, 49, 196, 254, 93, 66, 117, 174, 144, 231,
       73, 229, 41, 166, 21, 226, 127, 178, 240, 8, 18, 118, 106, 24, 12,
       117, 223, 182, 23, 238, 96, 150, 83, 219, 152, 87, 228, 191, 135,
       67, 77, 63, 0, 126, 192, 165, 246, 236, 164, 61, 158, 67, 207,
       129, 85, 119, 191, 116, 86, 255, 205, 44, 128, 141, 158, 76, 143,
       174, 120, 138, 137, 26, 4, 86, 211, 193, 132, 125, 125, 222, 79,
       223, 148, 249, 105, 237, 244, 28, 28, 248, 82, 181, 141, 110, 231,
       68, 83, 239, 241, 80, 116, 85, 2, 83, 109, 178, 97, 120, 132, 20,
       239, 253, 248, 60, 157, 231, 137, 231, 197, 53, 186, 220, 240,
       195, 113, 129, 166, 141, 13, 237, 205, 155, 58, 145, 94, 130, 152,
