%YAML:1.0
---
pts:
   - [ 934., 495., 31., 4.3407409667968750e+01, 1.0235519148409367e-03,
       0, -1 ]
   - [ 661., 835., 31., 3.5591363525390625e+02, 1.7737678717821836e-03,
       0, -1 ]
   - [ 1178., 547., 31., 1.4718957519531250e+02, 1.0572141036391258e-03,
       0, -1 ]
   - [ 893., 552., 31., 2.2294615173339844e+02, 1.7077224329113960e-03,
       0, -1 ]
   - [ 892., 554., 31., 2.2083497619628906e+02, 1.7824155511334538e-03,
       0, -1 ]
   - [ 1560., 675., 31., 2.8570098876953125e+02, 1.4303779462352395e-03,
       0, -1 ]
   - [ 659., 498., 31., 4.5474472045898438e+00, 1.6704732552170753e-03,
       0, -1 ]
   - [ 620., 662., 31., 3.1171670532226562e+02, 1.4440178638324142e-03,
       0, -1 ]
   - [ 739., 470., 31., 4.8601371765136719e+01, 1.3744493480771780e-03,
       0, -1 ]
   - [ 960., 542., 31., 1.3967142105102539e+01, 1.6484337393194437e-03,
       0, -1 ]
   - [ 828., 603., 31., 3.0680996704101562e+02, 1.3632151531055570e-03,
       0, -1 ]
   - [ 895., 603., 31., 1.4862985610961914e+01, 1.4444687403738499e-03,
       0, -1 ]
   - [ 661., 921., 31., 2.7078220844268799e+00, 1.0807154467329383e-03,
       0, -1 ]
   - [ 662., 608., 31., 3.5967132568359375e+02, 1.2581449700519443e-03,
       0, -1 ]
   - [ 399., 416., 31., 3.1385095214843750e+02, 1.2767984298989177e-03,
       0, -1 ]
   - [ 409., 371., 31., 1.1951860046386719e+02, 1.2065309565514326e-03,
       0, -1 ]
   - [ 901., 656., 31., 1.2670728302001953e+02, 1.0496142785996199e-03,
       0, -1 ]
   - [ 965., 670., 31., 4.5378555297851562e+01, 1.1092219501733780e-03,
       0, -1 ]
   - [ 776., 589., 31., 3.4953955078125000e+02, 1.0376323480159044e-03,
       0, -1 ]
   - [ 735., 561., 31., 3.5118920898437500e+02, 1.6598297515884042e-03,
       0, -1 ]
   - [ 724., 562., 31., 6.9309089660644531e+01, 1.1734722647815943e-03,
       0, -1 ]
   - [ 931., 519., 31., 2.8225213623046875e+02, 1.4800169738009572e-03,
       0, -1 ]
   - [ 788., 517., 31., 7.9671722412109375e+01, 1.1624768376350403e-03,
       0, -1 ]
   - [ 789., 644., 31., 1.4659286499023438e+02, 1.1659706942737103e-03,
       0, -1 ]
   - [ 675., 726., 31., 3.6799068450927734e+01, 1.2464182218536735e-03,
       0, -1 ]
   - [ 799., 585., 31., 1.6297538757324219e+02, 2.0503771957010031e-03,
       0, -1 ]
   - [ 681., 488., 31., 2.3710275268554688e+02, 1.2920139124616981e-03,
       0, -1 ]
   - [ 779., 453., 31., 3.4062652587890625e+02, 1.2180990306660533e-03,
       0, -1 ]
   - [ 753., 579., 31., 2.9148059082031250e+02, 1.0646529262885451e-03,
       0, -1 ]
   - [ 622., 633., 31., 2.0465631484985352e+01, 1.2383944122120738e-03,
       0, -1 ]
   - [ 923., 345., 31., 3.3079721069335938e+02, 5.9960328508168459e-04,
       0, -1 ]
   - [ 691., 573., 31., 2.7786123657226562e+02, 8.0390321090817451e-04,
       0, -1 ]
   - [ 634., 715., 31., 2.6523065185546875e+02, 6.9663167232647538e-04,
       0, -1 ]
   - [ 796., 858., 31., 2.0917846679687500e+02, 6.4908963395282626e-04,
       0, -1 ]
   - [ 1002., 572., 31., 6.4618789672851562e+01, 6.9122918648645282e-04,
       0, -1 ]
   - [ 696., 503., 31., 1.2944409179687500e+02, 6.4085324993357062e-04,
       0, -1 ]
   - [ 946., 504., 31., 5.0471881866455078e+01, 9.9793309345841408e-04,
       0, -1 ]
   - [ 944., 555., 31., 2.7748129272460938e+02, 7.7623192919418216e-04,
       0, -1 ]
   - [ 715., 603., 31., 3.4288169860839844e+01, 6.1781710246577859e-04,
       0, -1 ]
   - [ 761., 783., 31., 2.1603021240234375e+02, 7.7810935908928514e-04,
       0, -1 ]
   - [ 659., 730., 31., 3.5704299926757812e+02, 9.4472948694601655e-04,
       0, -1 ]
   - [ 623., 714., 31., 3.1265093994140625e+02, 9.3903800006955862e-04,
       0, -1 ]
   - [ 932., 606., 31., 1.3318457031250000e+02, 9.0249383356422186e-04,
       0, -1 ]
   - [ 817., 342., 31., 2.5091110229492188e+02, 8.5151474922895432e-04,
       0, -1 ]
   - [ 815., 585., 31., 3.1071343994140625e+02, 6.7795958602800965e-04,
       0, -1 ]
   - [ 686., 695., 31., 2.6684414672851562e+02, 9.2226074775680900e-04,
       0, -1 ]
   - [ 679., 723., 31., 1.2316311645507812e+02, 7.6031626667827368e-04,
       0, -1 ]
   - [ 769., 643., 31., 6.4342803955078125e+01, 9.1084244195371866e-04,
       0, -1 ]
   - [ 691., 430., 31., 9.2152084350585938e+01, 9.6913002198562026e-04,
       0, -1 ]
   - [ 657., 508., 31., 3.5999145507812500e+02, 9.8274496849626303e-04,
       0, -1 ]
   - [ 728., 635., 31., 1.6960954666137695e+01, 9.6273969393223524e-04,
       0, -1 ]
   - [ 1106., 370., 31., 1.5795086669921875e+02, 7.4490014230832458e-04,
       0, -1 ]
   - [ 776., 582., 31., 3.4731677246093750e+02, 7.8984425636008382e-04,
       0, -1 ]
   - [ 663., 445., 31., 3.5925643920898438e+02, 1.0206172009930015e-03,
       0, -1 ]
   - [ 662., 968., 31., 3.5970574951171875e+02, 7.8060902887955308e-04,
       0, -1 ]
   - [ 978., 464., 31., 2.6302337646484375e+02, 6.8507326068356633e-04,
       0, -1 ]
   - [ 948., 574., 31., 1.5351872253417969e+02, 9.1509893536567688e-04,
       0, -1 ]
   - [ 950., 591., 31., 2.3312684631347656e+02, 9.7883364651352167e-04,
       0, -1 ]
   - [ 967., 486., 31., 9.5031517028808594e+01, 6.3200376462191343e-04,
       0, -1 ]
   - [ 877., 240., 31., 1.2012243652343750e+02, 6.1705306870862842e-04,
       0, -1 ]
   - [ 702., 541., 31., 2.6718872070312500e+02, 6.9160858402028680e-04,
       0, -1 ]
   - [ 705., 254., 31., 1.0168701171875000e+02, 8.2862901035696268e-04,
       0, -1 ]
   - [ 872., 578., 31., 4.7093227386474609e+01, 6.2450353289023042e-04,
       0, -1 ]
   - [ 657., 566., 31., 3.5793457031250000e+02, 7.7244633575901389e-04,
       0, -1 ]
   - [ 1096., 315., 31., 1.1620640563964844e+02, 8.5060950368642807e-04,
       0, -1 ]
   - [ 668., 455., 31., 1.8911079406738281e+01, 7.5241667218506336e-04,
       0, -1 ]
   - [ 659., 726., 31., 3.5882278442382812e+02, 7.8878423664718866e-04,
       0, -1 ]
   - [ 838., 472., 31., 2.7434039306640625e+02, 7.5552688213065267e-04,
       0, -1 ]
   - [ 508., 371., 31., 7.3047348022460938e+01, 6.0230359667912126e-04,
       0, -1 ]
   - [ 853., 514., 31., 2.4428517150878906e+02, 9.4134698156267405e-04,
       0, -1 ]
   - [ 873., 922., 31., 2.6097463607788086e+01, 7.7952648280188441e-04,
       0, -1 ]
   - [ 779., 181., 31., 3.2820959472656250e+02, 6.2294286908581853e-04,
       0, -1 ]
   - [ 1564., 646., 31., 3.8730300903320312e+01, 6.6841865191236138e-04,
       0, -1 ]
   - [ 1221., 729., 31., 1.8060165405273438e+02, 8.2970439689233899e-04,
       0, -1 ]
   - [ 863., 515., 31., 3.1125555419921875e+02, 6.9736625300720334e-04,
       0, -1 ]
   - [ 844., 362., 31., 2.2034539794921875e+02, 8.0203812103718519e-04,
       0, -1 ]
   - [ 1073., 461., 31., 8.1012275695800781e+01, 6.6890404559671879e-04,
       0, -1 ]
   - [ 845., 456., 31., 2.0152941894531250e+02, 7.2034914046525955e-04,
       0, -1 ]
   - [ 746., 965., 31., 6.4777870178222656e+01, 8.3398062270134687e-04,
       0, -1 ]
   - [ 395., 242., 31., 5.1736911773681641e+01, 7.7455636346712708e-04,
       0, -1 ]
   - [ 880., 570., 31., 3.4453793334960938e+02, 6.0276954900473356e-04,
       0, -1 ]
   - [ 774., 725., 31., 2.4396774291992188e+01, 6.6734442953020334e-04,
       0, -1 ]
   - [ 764., 687., 31., 2.3961389160156250e+02, 6.0853123432025313e-04,
       0, -1 ]
   - [ 661., 873., 31., 3.5749539184570312e+02, 8.1538077211007476e-04,
       0, -1 ]
   - [ 519., 418., 31., 2.3120211791992188e+02, 7.2080653626471758e-04,
       0, -1 ]
   - [ 743., 466., 31., 6.2631874084472656e+01, 7.9304736573249102e-04,
       0, -1 ]
   - [ 859., 598., 31., 3.5888748168945312e+01, 6.4132182160392404e-04,
       0, -1 ]
   - [ 661., 891., 31., 3.5865112304687500e+02, 7.6594500569626689e-04,
       0, -1 ]
   - [ 1106., 649., 31., 3.0376205444335938e+01, 6.5246177837252617e-04,
       0, -1 ]
   - [ 1005., 778., 31., 1.5133652687072754e+01, 8.6014834232628345e-04,
       0, -1 ]
   - [ 801., 192., 31., 3.4450469970703125e+02, 6.0459534870460629e-04,
       0, -1 ]
