%YAML:1.0
---
desc: !!opencv-matrix
   rows: 500
   cols: 32
   dt: u
   data: [ 118, 247, 135, 178, 186, 72, 23, 204, 131, 21, 137, 171, 70,
       252, 107, 22, 183, 211, 125, 103, 74, 67, 138, 177, 184, 210, 205,
       254, 164, 127, 150, 87, 38, 158, 5, 91, 172, 217, 167, 99, 141,
       95, 253, 176, 194, 229, 164, 7, 204, 48, 167, 2, 89, 160, 98, 208,
       132, 48, 64, 211, 218, 237, 212, 245, 2, 153, 142, 13, 32, 194,
       107, 65, 46, 73, 67, 133, 144, 166, 118, 64, 232, 44, 123, 5, 22,
       153, 19, 81, 200, 54, 154, 198, 152, 7, 249, 82, 173, 193, 214,
       72, 221, 22, 226, 254, 241, 1, 100, 84, 73, 248, 52, 188, 90, 204,
       2, 232, 181, 182, 22, 194, 46, 255, 135, 76, 255, 176, 234, 132,
       99, 1, 120, 219, 213, 181, 106, 5, 203, 37, 169, 2, 104, 122, 63,
       248, 249, 163, 18, 141, 158, 32, 124, 221, 7, 47, 146, 48, 145,
       66, 216, 6, 144, 140, 236, 243, 134, 168, 236, 151, 94, 179, 54,
       18, 113, 41, 212, 11, 47, 227, 55, 153, 178, 252, 79, 225, 78,
       203, 254, 192, 229, 216, 208, 136, 45, 65, 121, 69, 100, 74, 111,
       48, 100, 172, 118, 8, 211, 1, 149, 48, 90, 220, 102, 106, 201,
       180, 101, 8, 71, 169, 96, 0, 103, 187, 70, 161, 181, 77, 229, 71,
       140, 19, 207, 248, 87, 226, 154, 66, 83, 104, 253, 103, 89, 196,
       62, 239, 237, 99, 109, 170, 56, 10, 237, 180, 117, 255, 240, 100,
       134, 237, 18, 154, 238, 161, 190, 204, 174, 18, 25, 18, 172, 194,
       105, 66, 167, 43, 19, 211, 66, 5, 138, 242, 28, 16, 15, 170, 20,
       83, 163, 129, 117, 207, 137, 94, 213, 94, 70, 232, 115, 254, 245,
       79, 98, 236, 255, 113, 241, 238, 36, 110, 237, 115, 168, 63, 59,
       47, 101, 255, 241, 127, 126, 215, 213, 252, 158, 55, 138, 62, 118,
       188, 176, 219, 175, 213, 119, 247, 73, 123, 55, 247, 108, 110, 61,
       213, 139, 42, 251, 231, 117, 133, 232, 243, 171, 19, 89, 42, 143,
       189, 10, 42, 105, 18, 164, 131, 194, 212, 215, 35, 129, 90, 38,
       229, 109, 140, 9, 213, 131, 0, 208, 163, 250, 128, 32, 224, 35,
       32, 88, 50, 159, 181, 34, 44, 41, 18, 164, 147, 130, 253, 215,
       167, 65, 90, 39, 85, 108, 156, 9, 209, 129, 0, 192, 167, 122, 0,
       160, 225, 35, 49, 94, 48, 146, 240, 155, 253, 80, 67, 171, 149,
       165, 25, 158, 159, 64, 26, 161, 185, 221, 16, 26, 75, 146, 208,
       219, 213, 23, 127, 130, 5, 135, 82, 173, 89, 5, 47, 121, 221, 66,
       192, 195, 232, 41, 72, 58, 20, 1, 182, 200, 224, 198, 86, 143, 62,
       120, 63, 39, 249, 0, 51, 90, 63, 74, 246, 36, 176, 137, 33, 221,
       79, 65, 200, 82, 253, 160, 24, 146, 209, 72, 24, 153, 140, 194,
       16, 27, 114, 250, 18, 77, 149, 5, 127, 208, 8, 86, 226, 96, 32,
       153, 100, 77, 73, 81, 72, 235, 172, 164, 8, 2, 145, 68, 18, 128,
       228, 96, 24, 8, 99, 210, 0, 223, 217, 1, 63, 66, 40, 70, 2, 169,
       46, 220, 49, 232, 63, 124, 151, 126, 191, 54, 153, 157, 46, 198,
       59, 135, 71, 238, 20, 180, 220, 231, 98, 111, 27, 116, 65, 128,
       216, 205, 77, 252, 159, 112, 250, 159, 132, 82, 248, 81, 21, 241,
       115, 75, 121, 104, 209, 213, 219, 149, 242, 186, 106, 217, 183,
       251, 249, 133, 127, 51, 15, 224, 3, 132, 236, 182, 115, 181, 251,
       246, 199, 87, 27, 118, 56, 227, 248, 191, 45, 153, 106, 134, 27,
       62, 252, 74, 191, 174, 223, 117, 231, 218, 93, 216, 15, 90, 52,
       111, 164, 16, 226, 122, 35, 164, 192, 218, 163, 121, 79, 16, 65,
       54, 181, 221, 181, 189, 217, 21, 79, 243, 231, 170, 129, 45, 132,
       184, 18, 85, 180, 184, 156, 250, 45, 27, 251, 122, 251, 68, 252,
       247, 242, 203, 49, 55, 207, 52, 57, 183, 90, 190, 91, 252, 7, 47,
       172, 188, 224, 11, 217, 61, 17, 39, 32, 137, 151, 77, 113, 197,
       200, 230, 68, 155, 22, 179, 236, 220, 177, 150, 253, 201, 150,
       112, 156, 137, 219, 184, 192, 11, 12, 32, 124, 35, 4, 231, 197,
       61, 106, 233, 14, 205, 225, 30, 130, 241, 45, 188, 103, 90, 6, 19,
       45, 33, 233, 117, 207, 45, 58, 136, 144, 23, 206, 80, 236, 176,
       86, 20, 218, 83, 143, 21, 101, 29, 31, 237, 59, 78, 87, 34, 17,
       38, 185, 134, 2, 112, 135, 72, 90, 241, 128, 100, 59, 112, 74,
       135, 147, 183, 158, 103, 138, 252, 31, 190, 240, 149, 118, 145,
       255, 64, 12, 183, 41, 173, 144, 211, 247, 252, 47, 44, 190, 126,
       90, 205, 255, 215, 175, 84, 215, 67, 34, 141, 190, 40, 113, 172,
       70, 188, 2, 194, 66, 229, 110, 21, 234, 208, 115, 249, 161, 5, 67,
       22, 11, 144, 167, 218, 17, 132, 112, 57, 12, 107, 201, 101, 197,
       223, 82, 236, 33, 3, 240, 182, 138, 24, 31, 22, 166, 106, 164,
       243, 236, 81, 123, 245, 204, 63, 107, 135, 198, 39, 172, 252, 244,
       168, 209, 80, 164, 117, 5, 190, 73, 28, 138, 112, 111, 188, 218,
       164, 128, 222, 41, 151, 224, 192, 166, 64, 203, 100, 157, 175,
       168, 28, 124, 224, 155, 150, 139, 107, 94, 70, 140, 174, 224, 188,
       78, 81, 71, 56, 205, 245, 137, 60, 106, 23, 238, 193, 49, 58, 232,
       23, 8, 102, 136, 85, 243, 117, 248, 118, 6, 114, 164, 211, 6, 158,
       119, 57, 6, 226, 205, 79, 111, 48, 85, 246, 229, 1, 103, 240, 171,
       144, 204, 49, 122, 90, 88, 99, 166, 163, 68, 166, 25, 131, 128,
       145, 142, 143, 67, 173, 196, 202, 197, 134, 231, 101, 140, 92, 96,
       155, 92, 25, 145, 80, 194, 189, 16, 143, 82, 138, 102, 147, 112,
       163, 253, 241, 92, 157, 148, 199, 183, 217, 204, 180, 14, 32, 121,
       21, 39, 200, 114, 80, 88, 243, 107, 242, 238, 63, 60, 132, 58,
       195, 56, 210, 172, 12, 160, 171, 177, 36, 106, 184, 120, 16, 227,
       68, 211, 213, 77, 88, 8, 125, 89, 19, 61, 178, 212, 133, 6, 77, 7,
       251, 228, 132, 141, 59, 226, 161, 209, 31, 189, 62, 199, 189, 229,
       204, 112, 246, 0, 244, 118, 42, 101, 206, 49, 18, 105, 101, 185,
       113, 221, 177, 178, 78, 86, 24, 24, 169, 141, 122, 230, 0, 163,
       85, 209, 234, 238, 19, 117, 72, 143, 40, 200, 94, 148, 249, 79,
       129, 149, 87, 94, 204, 181, 60, 116, 155, 127, 47, 14, 222, 212,
       82, 233, 0, 154, 155, 192, 26, 238, 139, 181, 128, 163, 172, 222,
       104, 66, 199, 215, 249, 211, 90, 79, 202, 245, 185, 144, 159, 255,
       20, 6, 165, 90, 8, 40, 117, 113, 100, 139, 232, 18, 127, 49, 114,
       212, 179, 9, 148, 248, 118, 188, 110, 24, 155, 188, 87, 17, 4,
       168, 178, 64, 109, 128, 80, 168, 185, 188, 189, 114, 233, 253, 81,
       223, 251, 91, 180, 28, 63, 255, 74, 56, 165, 179, 124, 24, 187,
       111, 186, 51, 219, 223, 117, 56, 226, 200, 198, 251, 17, 78, 62,
       160, 52, 131, 72, 38, 221, 164, 154, 199, 239, 8, 49, 193, 214,
       165, 44, 181, 172, 233, 5, 158, 184, 199, 175, 16, 36, 136, 49, 8,
       108, 180, 186, 119, 176, 110, 127, 186, 121, 206, 127, 8, 223,
       127, 2, 16, 151, 94, 125, 42, 184, 240, 185, 46, 239, 255, 37, 1,
       194, 242, 206, 115, 58, 33, 211, 86, 225, 217, 148, 101, 57, 130,
       96, 169, 46, 188, 76, 190, 154, 122, 209, 64, 88, 250, 226, 40,
       19, 211, 84, 59, 199, 29, 222, 226, 51, 196, 3, 169, 85, 166, 234,
       100, 4, 5, 249, 3, 64, 74, 60, 129, 248, 169, 3, 173, 12, 131, 0,
       93, 146, 168, 138, 72, 89, 2, 114, 130, 198, 101, 102, 207, 173,
       51, 110, 207, 31, 179, 207, 154, 200, 199, 84, 238, 217, 222, 123,
       222, 122, 215, 219, 242, 183, 57, 159, 120, 150, 223, 248, 160,
       144, 86, 101, 209, 196, 98, 173, 166, 64, 118, 82, 226, 209, 28,
       157, 107, 77, 213, 146, 227, 232, 252, 101, 172, 229, 130, 250,
       68, 5, 25, 84, 248, 57, 38, 7, 165, 116, 106, 238, 75, 121, 203,
       121, 117, 35, 75, 156, 147, 249, 10, 4, 46, 47, 242, 128, 15, 36,
       220, 161, 32, 73, 237, 210, 192, 44, 62, 146, 193, 240, 42, 167,
       211, 104, 167, 63, 254, 13, 97, 201, 30, 55, 76, 2, 62, 176, 182,
       172, 34, 92, 174, 39, 100, 194, 235, 131, 160, 34, 97, 173, 88,
       205, 197, 133, 71, 94, 149, 180, 10, 2, 221, 116, 41, 200, 40, 19,
       25, 90, 235, 114, 208, 81, 9, 213, 123, 215, 28, 252, 226, 169,
       232, 232, 171, 60, 201, 206, 142, 70, 112, 24, 1, 177, 153, 83,
