%YAML:1.0
---
desc: !!opencv-matrix
   rows: 500
   cols: 32
   dt: u
   data: [ 141, 133, 166, 144, 237, 61, 169, 170, 202, 127, 28, 23, 237,
       232, 122, 203, 165, 67, 155, 111, 166, 101, 46, 181, 143, 83, 219,
       125, 150, 93, 21, 236, 197, 145, 155, 240, 244, 204, 97, 1, 90,
       89, 83, 84, 148, 210, 232, 105, 209, 10, 38, 28, 51, 126, 96, 20,
       13, 154, 179, 108, 152, 8, 192, 163, 196, 151, 56, 232, 188, 98,
       167, 188, 82, 200, 93, 118, 209, 243, 240, 103, 80, 92, 40, 250,
       177, 97, 157, 130, 232, 165, 175, 76, 156, 234, 169, 48, 168, 74,
       190, 125, 108, 237, 117, 86, 237, 94, 116, 25, 191, 13, 19, 27,
       164, 40, 103, 12, 192, 244, 34, 0, 199, 251, 112, 129, 194, 216,
       70, 251, 106, 34, 239, 220, 124, 82, 248, 88, 247, 224, 214, 226,
       105, 238, 180, 238, 222, 124, 251, 200, 197, 219, 175, 205, 30,
       123, 239, 137, 7, 164, 120, 37, 32, 74, 20, 223, 79, 27, 180, 111,
       204, 190, 81, 106, 162, 9, 37, 207, 73, 176, 167, 2, 96, 188, 67,
       188, 6, 210, 222, 51, 55, 40, 93, 139, 5, 192, 223, 221, 100, 6,
       237, 53, 84, 67, 87, 18, 241, 96, 184, 106, 112, 196, 50, 174,
       241, 180, 53, 194, 100, 174, 254, 0, 141, 248, 249, 0, 91, 112,
       46, 172, 74, 80, 56, 88, 128, 76, 221, 135, 125, 202, 58, 66, 182,
       129, 191, 229, 134, 3, 54, 201, 210, 197, 171, 137, 45, 22, 45,
       83, 39, 197, 113, 67, 236, 121, 214, 188, 79, 114, 61, 232, 66,
       120, 253, 189, 19, 82, 162, 122, 214, 32, 111, 180, 46, 88, 5,
       119, 255, 255, 212, 228, 36, 171, 122, 101, 180, 142, 115, 178,
       105, 140, 126, 0, 179, 17, 146, 48, 134, 102, 69, 92, 210, 184,
       161, 46, 239, 189, 36, 192, 64, 163, 70, 233, 1, 148, 12, 167,
       198, 14, 188, 45, 8, 115, 25, 159, 213, 8, 26, 67, 231, 23, 19,
       165, 209, 60, 221, 69, 196, 35, 250, 116, 12, 10, 153, 152, 36,
       155, 94, 227, 54, 142, 112, 240, 141, 8, 254, 231, 22, 45, 232,
       67, 238, 80, 6, 112, 155, 185, 0, 229, 254, 145, 34, 194, 172,
       138, 124, 145, 162, 3, 195, 237, 245, 193, 108, 21, 133, 129, 211,
       227, 96, 237, 56, 196, 82, 186, 187, 129, 89, 153, 67, 136, 38,
       116, 142, 131, 46, 142, 188, 27, 251, 121, 42, 124, 89, 212, 95,
       246, 129, 68, 228, 5, 43, 207, 54, 245, 204, 170, 145, 204, 239,
       11, 114, 253, 243, 249, 130, 25, 91, 132, 122, 254, 26, 54, 74,
       161, 203, 121, 124, 70, 45, 70, 254, 179, 143, 30, 2, 153, 106,
       137, 223, 160, 44, 147, 197, 194, 246, 213, 154, 131, 167, 212,
       175, 214, 214, 201, 232, 185, 142, 0, 31, 141, 23, 244, 148, 135,
       23, 79, 115, 75, 114, 199, 61, 199, 74, 64, 207, 176, 240, 105,
       239, 188, 61, 124, 177, 90, 32, 110, 91, 232, 116, 235, 67, 102,
       88, 44, 124, 56, 23, 129, 161, 49, 154, 40, 6, 122, 32, 187, 32,
       62, 176, 133, 32, 105, 208, 217, 70, 169, 88, 207, 106, 193, 180,
       91, 111, 183, 69, 108, 30, 134, 89, 45, 182, 101, 32, 6, 63, 236,
       224, 153, 37, 220, 234, 223, 165, 197, 38, 156, 244, 124, 68, 157,
       58, 190, 238, 224, 63, 67, 140, 86, 73, 50, 84, 250, 170, 67, 227,
       59, 27, 163, 96, 3, 138, 243, 176, 165, 170, 11, 28, 115, 165,
       163, 173, 88, 122, 241, 230, 65, 189, 226, 218, 242, 36, 18, 28,
       220, 103, 106, 235, 49, 50, 75, 69, 247, 54, 208, 69, 11, 95, 96,
       77, 57, 69, 242, 173, 44, 193, 199, 108, 96, 107, 208, 1, 170,
       157, 34, 49, 115, 217, 110, 72, 252, 29, 202, 11, 135, 232, 226,
       71, 188, 161, 160, 174, 251, 112, 176, 151, 215, 156, 201, 254, 7,
       125, 223, 31, 61, 28, 118, 76, 115, 173, 65, 229, 131, 55, 252,
       178, 19, 11, 208, 56, 136, 103, 198, 144, 120, 161, 175, 210, 192,
       10, 162, 48, 195, 76, 117, 36, 41, 131, 99, 61, 3, 32, 80, 98,
       137, 31, 152, 74, 159, 1, 220, 240, 193, 190, 160, 56, 146, 161,
       10, 118, 40, 185, 230, 108, 112, 75, 9, 203, 137, 153, 10, 244,
       250, 249, 234, 208, 92, 60, 24, 11, 66, 234, 128, 153, 191, 143,
       57, 128, 106, 116, 164, 120, 176, 185, 114, 185, 237, 81, 19, 171,
       249, 165, 28, 159, 159, 64, 50, 133, 222, 93, 24, 11, 107, 250,
       32, 219, 217, 53, 124, 232, 192, 198, 123, 50, 84, 9, 171, 126,
       209, 26, 196, 142, 224, 216, 230, 117, 70, 233, 224, 222, 249,
       151, 113, 43, 146, 84, 190, 169, 197, 175, 248, 188, 11, 56, 184,
       37, 227, 74, 135, 68, 195, 111, 113, 64, 194, 205, 199, 113, 192,
       58, 0, 120, 232, 2, 239, 205, 150, 28, 45, 100, 5, 175, 1, 45,
       186, 250, 208, 89, 216, 31, 168, 56, 132, 154, 174, 238, 93, 186,
       69, 254, 202, 46, 208, 133, 99, 236, 69, 151, 41, 18, 117, 185,
       189, 50, 90, 88, 3, 137, 93, 0, 204, 27, 187, 212, 227, 167, 231,
       30, 3, 74, 19, 180, 246, 32, 64, 209, 123, 3, 17, 50, 152, 90,
       127, 109, 166, 190, 64, 144, 88, 165, 170, 179, 82, 97, 205, 38,
       2, 175, 125, 21, 226, 212, 230, 48, 53, 181, 197, 126, 92, 19,
       238, 225, 178, 100, 200, 38, 56, 196, 178, 63, 188, 16, 253, 6,
       190, 213, 255, 190, 210, 190, 168, 159, 179, 80, 162, 237, 238,
       233, 231, 87, 127, 189, 49, 35, 201, 175, 191, 170, 246, 239, 239,
       190, 236, 61, 181, 185, 76, 111, 252, 46, 115, 205, 106, 212, 82,
       212, 146, 115, 77, 179, 105, 123, 224, 27, 175, 105, 231, 103,
       159, 210, 235, 210, 8, 53, 249, 112, 232, 75, 52, 18, 192, 111,
       153, 185, 98, 206, 172, 28, 46, 172, 194, 230, 164, 54, 41, 142,
       0, 69, 13, 166, 222, 20, 148, 43, 235, 30, 12, 9, 173, 182, 110,
       88, 250, 94, 225, 154, 206, 157, 2, 148, 187, 169, 204, 125, 45,
       95, 241, 147, 243, 34, 39, 14, 255, 121, 146, 143, 187, 85, 217,
       61, 141, 249, 177, 25, 104, 249, 205, 80, 220, 35, 89, 180, 88,
       31, 95, 73, 176, 156, 155, 213, 88, 31, 42, 122, 19, 251, 217, 36,
       124, 242, 144, 194, 235, 9, 196, 37, 137, 108, 237, 185, 174, 206,
       91, 92, 23, 148, 29, 254, 67, 203, 2, 51, 45, 163, 44, 115, 149,
       77, 24, 122, 236, 156, 12, 81, 233, 216, 177, 57, 114, 49, 221,
       81, 50, 123, 233, 181, 24, 191, 159, 64, 49, 148, 158, 93, 8, 187,
       123, 240, 7, 219, 217, 33, 120, 66, 128, 198, 115, 39, 74, 224,
       156, 228, 21, 207, 89, 91, 238, 245, 143, 66, 236, 191, 45, 93,
       232, 6, 47, 236, 54, 236, 218, 98, 30, 197, 188, 159, 253, 212,
       213, 54, 243, 248, 160, 190, 11, 223, 221, 75, 229, 156, 175, 15,
       141, 255, 6, 127, 221, 23, 117, 138, 33, 28, 146, 250, 220, 5,
       182, 255, 254, 145, 211, 101, 13, 104, 192, 196, 165, 235, 146,
       70, 160, 252, 10, 17, 248, 119, 100, 93, 248, 50, 250, 136, 50,
       254, 178, 93, 140, 129, 124, 221, 251, 80, 164, 28, 155, 247, 199,
       134, 219, 180, 97, 204, 57, 91, 242, 221, 126, 172, 98, 102, 87,
       191, 208, 20, 153, 45, 236, 78, 135, 250, 193, 165, 11, 133, 131,
       108, 48, 184, 101, 160, 47, 121, 16, 105, 140, 119, 24, 223, 19,
       9, 26, 148, 213, 125, 56, 152, 240, 241, 0, 199, 251, 96, 16, 194,
       225, 78, 99, 48, 15, 103, 200, 159, 227, 71, 15, 69, 132, 202,
       162, 35, 20, 37, 70, 104, 178, 138, 177, 74, 169, 99, 140, 185,
       164, 140, 2, 181, 74, 116, 108, 226, 122, 107, 192, 104, 209, 95,
       81, 137, 230, 148, 175, 8, 143, 231, 80, 94, 249, 143, 230, 204,
       7, 228, 202, 114, 21, 175, 189, 55, 190, 30, 251, 91, 43, 111,
       201, 104, 215, 104, 80, 36, 104, 222, 226, 88, 150, 150, 241, 108,
       156, 255, 140, 141, 219, 231, 192, 23, 41, 171, 137, 7, 132, 124,
       117, 169, 35, 105, 65, 116, 27, 233, 19, 113, 224, 116, 250, 27,
       9, 212, 180, 94, 140, 86, 44, 233, 186, 229, 142, 70, 221, 32,
       164, 111, 136, 82, 173, 26, 133, 5, 253, 141, 38, 140, 43, 4, 19,
       91, 146, 217, 103, 48, 207, 69, 22, 57, 173, 25, 152, 71, 145,
       164, 250, 202, 132, 63, 252, 176, 48, 29, 22, 27, 44, 112, 175,
       122, 114, 41, 74, 127, 77, 95, 87, 11, 144, 182, 45, 85, 46, 133,
       144, 17, 14, 195, 253, 32, 128, 74, 195, 75, 211, 72, 211, 60,
       176, 190, 193, 17, 183, 30, 61, 22, 119, 142, 135, 234, 64, 199,
