%YAML:1.0
---
desc: !!opencv-matrix
   rows: 500
   cols: 32
   dt: u
   data: [ 250, 147, 109, 136, 248, 82, 153, 125, 24, 121, 150, 247, 81,
       15, 188, 99, 110, 151, 191, 165, 185, 75, 33, 213, 211, 35, 250,
       213, 21, 140, 181, 121, 235, 148, 51, 184, 83, 196, 177, 125, 84,
       91, 243, 119, 112, 92, 46, 96, 253, 147, 23, 165, 190, 47, 57,
       215, 113, 38, 58, 198, 89, 12, 160, 87, 163, 196, 229, 143, 55,
       186, 138, 134, 91, 225, 90, 134, 249, 108, 189, 230, 95, 100, 19,
       189, 171, 160, 125, 142, 44, 126, 143, 16, 255, 222, 17, 252, 103,
       73, 142, 150, 236, 91, 206, 132, 222, 121, 146, 94, 194, 224, 244,
       234, 200, 100, 42, 79, 29, 113, 72, 176, 164, 16, 239, 52, 152,
       123, 216, 20, 242, 238, 89, 200, 159, 115, 152, 206, 159, 59, 148,
       242, 9, 142, 229, 239, 71, 145, 221, 176, 47, 71, 99, 215, 50,
       193, 191, 191, 55, 88, 45, 31, 45, 25, 140, 253, 197, 208, 53, 19,
       6, 128, 92, 162, 49, 213, 99, 106, 76, 120, 178, 210, 68, 186,
       118, 136, 79, 195, 231, 5, 62, 42, 56, 144, 217, 22, 159, 183, 54,
       186, 50, 55, 188, 131, 67, 246, 253, 118, 160, 226, 230, 119, 188,
       1, 181, 141, 53, 174, 164, 231, 58, 2, 164, 0, 165, 105, 66, 210,
       32, 206, 107, 149, 30, 172, 143, 85, 152, 239, 236, 238, 188, 196,
       135, 19, 251, 195, 193, 11, 190, 245, 52, 20, 218, 250, 30, 22,
       149, 61, 246, 234, 232, 184, 158, 208, 154, 137, 155, 237, 148,
       187, 1, 238, 118, 72, 207, 225, 181, 213, 190, 71, 206, 179, 186,
       69, 175, 255, 181, 189, 156, 87, 22, 160, 165, 163, 151, 165, 169,
       201, 15, 113, 27, 147, 157, 205, 120, 204, 63, 155, 19, 157, 19,
       176, 29, 209, 141, 4, 155, 228, 181, 15, 149, 240, 253, 135, 104,
       73, 133, 31, 79, 127, 69, 100, 175, 14, 82, 33, 191, 117, 89, 134,
       26, 238, 220, 153, 125, 158, 127, 56, 133, 116, 51, 254, 208, 100,
       197, 180, 190, 158, 172, 173, 181, 235, 222, 255, 215, 29, 244,
       252, 110, 75, 215, 111, 123, 7, 178, 103, 255, 115, 93, 63, 127,
       248, 4, 72, 149, 99, 20, 193, 128, 164, 141, 7, 69, 65, 135, 182,
       147, 143, 195, 160, 98, 74, 88, 229, 46, 230, 72, 51, 91, 130,
       144, 134, 197, 52, 61, 126, 176, 18, 168, 221, 55, 254, 109, 196,
       149, 230, 156, 75, 120, 18, 124, 253, 40, 65, 200, 51, 179, 0, 97,
       171, 50, 189, 113, 235, 82, 10, 18, 26, 116, 251, 19, 236, 247,
       161, 22, 155, 218, 206, 223, 224, 90, 131, 15, 200, 117, 224, 179,
       41, 141, 181, 238, 225, 13, 158, 186, 205, 15, 23, 181, 60, 17,
       78, 171, 96, 227, 203, 212, 66, 236, 93, 53, 195, 211, 151, 9, 14,
       54, 12, 122, 137, 19, 189, 239, 222, 53, 202, 38, 46, 158, 132,
       47, 180, 240, 220, 215, 169, 142, 128, 139, 148, 211, 200, 139,
       152, 164, 2, 20, 214, 103, 230, 232, 117, 248, 95, 66, 97, 186,
       192, 153, 40, 143, 94, 1, 43, 41, 36, 216, 80, 55, 116, 35, 195,
       21, 21, 149, 174, 179, 185, 254, 95, 33, 45, 158, 181, 236, 32,
       104, 231, 49, 142, 243, 210, 118, 147, 98, 216, 165, 27, 195, 97,
       239, 85, 4, 82, 237, 173, 245, 192, 162, 128, 113, 126, 213, 114,
       58, 244, 124, 249, 233, 236, 55, 78, 43, 138, 199, 192, 101, 176,
       116, 108, 124, 56, 184, 114, 169, 93, 87, 156, 123, 174, 181, 8,
       223, 95, 75, 26, 149, 213, 253, 90, 200, 102, 251, 32, 219, 219,
       53, 57, 98, 178, 78, 59, 210, 126, 138, 132, 50, 235, 191, 222,
       26, 234, 30, 239, 181, 197, 243, 64, 54, 109, 77, 191, 225, 213,
       132, 106, 240, 5, 175, 177, 12, 240, 13, 121, 77, 153, 152, 136,
       143, 53, 146, 154, 78, 115, 140, 70, 150, 56, 118, 106, 197, 70,
       58, 77, 151, 42, 121, 177, 205, 15, 27, 116, 152, 107, 153, 80,
       153, 233, 59, 176, 36, 203, 179, 246, 196, 96, 144, 10, 183, 156,
       32, 33, 170, 49, 27, 67, 101, 173, 48, 61, 241, 193, 42, 49, 116,
       24, 21, 235, 92, 50, 92, 97, 34, 74, 113, 25, 32, 61, 55, 253,
       223, 23, 138, 27, 54, 21, 205, 32, 0, 148, 129, 0, 198, 225, 96,
       197, 96, 130, 14, 3, 39, 187, 223, 191, 254, 175, 178, 216, 190,
       249, 251, 102, 220, 252, 173, 174, 255, 119, 254, 83, 151, 241,
       155, 253, 28, 62, 111, 198, 221, 107, 233, 147, 150, 163, 223,
       221, 130, 192, 61, 205, 181, 23, 70, 179, 44, 199, 169, 79, 99,
       219, 43, 216, 114, 213, 38, 193, 83, 162, 158, 135, 167, 144, 165,
       119, 167, 73, 73, 157, 172, 31, 76, 57, 159, 226, 68, 196, 215,
       160, 179, 104, 92, 100, 58, 110, 237, 4, 123, 26, 134, 190, 193,
       20, 28, 249, 88, 84, 117, 101, 82, 207, 253, 31, 230, 232, 125,
       224, 251, 10, 78, 122, 29, 244, 248, 205, 110, 234, 77, 179, 217,
       238, 183, 254, 7, 22, 107, 51, 106, 134, 44, 204, 56, 120, 71, 61,
       241, 250, 88, 38, 116, 29, 30, 41, 51, 24, 189, 137, 130, 45, 160,
       54, 48, 23, 87, 79, 81, 125, 250, 109, 79, 194, 86, 110, 122, 246,
       54, 161, 94, 64, 157, 134, 219, 131, 101, 207, 113, 64, 118, 185,
       15, 139, 104, 7, 140, 238, 242, 133, 143, 41, 53, 250, 52, 8, 94,
       166, 166, 178, 145, 230, 123, 161, 177, 247, 131, 149, 205, 239,
       90, 19, 165, 215, 205, 183, 186, 201, 156, 230, 233, 87, 159, 213,
       130, 7, 167, 82, 60, 245, 108, 42, 244, 251, 83, 253, 49, 117,
       125, 157, 95, 77, 26, 17, 155, 158, 213, 49, 62, 99, 185, 21, 251,
       209, 33, 117, 229, 159, 222, 210, 140, 29, 58, 251, 188, 173, 146,
       17, 142, 56, 145, 80, 151, 216, 104, 105, 133, 57, 223, 19, 186,
       37, 88, 54, 205, 209, 43, 117, 208, 11, 157, 35, 134, 119, 231,
       95, 234, 107, 190, 253, 191, 243, 251, 255, 204, 237, 45, 160,
       255, 127, 251, 99, 245, 247, 219, 255, 63, 54, 71, 190, 213, 255,
       167, 247, 221, 111, 33, 174, 188, 81, 79, 220, 210, 238, 149, 58,
       249, 211, 251, 39, 89, 248, 93, 251, 238, 7, 234, 186, 242, 193,
       175, 189, 54, 179, 182, 231, 35, 19, 144, 187, 244, 165, 155, 25,
       158, 173, 25, 231, 172, 202, 231, 76, 215, 43, 23, 31, 131, 144,
       24, 216, 140, 220, 191, 178, 156, 78, 17, 249, 122, 173, 75, 224,
       23, 242, 74, 98, 5, 173, 94, 10, 3, 41, 50, 224, 120, 150, 157,
       185, 28, 185, 33, 159, 123, 231, 169, 197, 167, 137, 92, 98, 50,
       51, 4, 184, 44, 162, 152, 106, 25, 10, 208, 99, 36, 74, 13, 25,
       216, 147, 77, 227, 74, 3, 67, 221, 144, 18, 218, 155, 21, 17, 54,
       143, 55, 145, 136, 184, 218, 133, 22, 235, 22, 105, 233, 79, 114,
       122, 110, 64, 221, 139, 54, 164, 94, 10, 89, 183, 248, 199, 173,
       124, 185, 72, 248, 82, 194, 3, 186, 244, 238, 80, 189, 77, 218,
       181, 16, 50, 12, 184, 255, 106, 239, 151, 187, 129, 36, 103, 160,
       210, 55, 7, 254, 175, 149, 120, 181, 41, 155, 183, 37, 169, 15,
       47, 217, 125, 13, 120, 89, 31, 158, 13, 16, 129, 92, 137, 151, 45,
       187, 114, 91, 221, 213, 73, 139, 236, 63, 14, 209, 242, 244, 240,
       250, 228, 86, 8, 82, 158, 16, 161, 146, 255, 19, 29, 72, 18, 222,
       221, 221, 97, 60, 103, 209, 2, 250, 133, 173, 253, 37, 57, 62, 18,
       67, 80, 18, 140, 79, 21, 148, 108, 142, 68, 136, 175, 236, 246,
       34, 196, 86, 177, 186, 161, 69, 3, 182, 209, 177, 36, 11, 62, 30,
       126, 57, 87, 130, 52, 196, 85, 168, 43, 85, 15, 159, 183, 34, 189,
       138, 35, 206, 11, 131, 6, 107, 52, 36, 228, 241, 66, 70, 26, 81,
       54, 142, 204, 196, 94, 55, 92, 125, 72, 158, 181, 151, 218, 71, 4,
       200, 98, 17, 92, 165, 229, 111, 208, 17, 122, 235, 39, 127, 188,
       59, 104, 129, 254, 53, 185, 112, 101, 9, 183, 29, 33, 176, 47,
       122, 191, 44, 73, 126, 69, 223, 55, 138, 144, 149, 71, 87, 124,
       151, 152, 25, 77, 238, 223, 37, 196, 74, 226, 139, 217, 136, 80,
       194, 183, 70, 64, 183, 100, 152, 194, 87, 179, 253, 245, 41, 75,
       122, 117, 51, 71, 97, 213, 148, 170, 196, 231, 250, 0, 60, 125,
       49, 186, 232, 116, 144, 232, 13, 49, 18, 142, 131, 38, 136, 31,
       143, 203, 105, 194, 203, 216, 137, 32, 10, 7, 210, 147, 226, 245,
       139, 63, 158, 121, 92, 18, 127, 189, 136, 255, 173, 124, 151, 175,
