%YAML:1.0
---
pts:
   - [ 1179., 515., 31., 5.7392339706420898e+00, 2.3771940323058516e-04,
       0, -1 ]
   - [ 986., 523., 31., 2.5617744445800781e+01, 3.7129776319488883e-04,
       0, -1 ]
   - [ 1038., 620., 31., 2.0056791687011719e+02, 3.1608014251105487e-04,
       0, -1 ]
   - [ 1086., 716., 31., 2.6936689376831055e+01, 3.0054646776989102e-04,
       0, -1 ]
   - [ 1065., 779., 31., 3.1025366210937500e+02, 2.9766003717668355e-04,
       0, -1 ]
   - [ 1019., 599., 31., 1.5372529602050781e+02, 2.4507442140020430e-04,
       0, -1 ]
   - [ 994., 547., 31., 2.9458534240722656e+01, 5.4900214308872819e-04,
       0, -1 ]
   - [ 1018., 749., 31., 1.0969046020507812e+02, 2.8974082670174539e-04,
       0, -1 ]
   - [ 985., 548., 31., 8.4720706939697266e+00, 3.5655708052217960e-04,
       0, -1 ]
   - [ 1126., 762., 31., 4.2796669006347656e+01, 3.1572781153954566e-04,
       0, -1 ]
   - [ 1056., 548., 31., 3.5135154724121094e+01, 3.3341313246637583e-04,
       0, -1 ]
   - [ 924., 810., 31., 3.5535430908203125e+02, 4.6731575275771320e-04,
       0, -1 ]
   - [ 1095., 797., 31., 1.0582154846191406e+02, 3.2279622973874211e-04,
       0, -1 ]
   - [ 1048., 565., 31., 2.0166816711425781e+02, 2.9114537755958736e-04,
       0, -1 ]
   - [ 1097., 689., 31., 2.6833889770507812e+02, 2.9754493152722716e-04,
       0, -1 ]
   - [ 984., 617., 31., 4.5515830993652344e+01, 2.8168532298877835e-04,
       0, -1 ]
   - [ 1066., 863., 31., 3.4941162109375000e+02, 2.6652813539840281e-04,
       0, -1 ]
   - [ 1052., 547., 31., 8.1534606933593750e+01, 3.0534371035173535e-04,
       0, -1 ]
   - [ 214., 810., 31., 3.3162152099609375e+02, 5.3852301789447665e-04,
       0, -1 ]
   - [ 609., 421., 31., 3.1486077880859375e+02, 3.4650327870622277e-04,
       0, -1 ]
   - [ 1112., 690., 31., 3.3594659423828125e+02, 2.5222339900210500e-04,
       0, -1 ]
   - [ 1010., 563., 31., 2.6711621093750000e+02, 2.6293160044588149e-04,
       0, -1 ]
   - [ 367., 976., 31., 3.0621685791015625e+02, 3.0239232000894845e-04,
       0, -1 ]
   - [ 823., 625., 31., 3.2960365295410156e+01, 5.3330173250287771e-04,
       0, -1 ]
   - [ 181., 960., 31., 3.5225354003906250e+02, 2.8294534422457218e-04,
       0, -1 ]
   - [ 1036., 624., 31., 1.6321298217773438e+02, 2.5323167210444808e-04,
       0, -1 ]
   - [ 941., 840., 31., 1.2376582622528076e+00, 2.9286459903232753e-04,
       0, -1 ]
   - [ 1476., 404., 31., 2.6541104125976562e+02, 6.5488525433465838e-04,
       0, -1 ]
   - [ 999., 462., 31., 3.8662513732910156e+01, 6.3036143546923995e-04,
       0, -1 ]
   - [ 1068., 809., 31., 1.4426287841796875e+02, 4.0780226117931306e-04,
       0, -1 ]
   - [ 955., 560., 31., 3.3964331054687500e+02, 3.9517329423688352e-04,
       0, -1 ]
   - [ 1046., 407., 31., 2.1787152099609375e+02, 4.1343143675476313e-04,
       0, -1 ]
   - [ 187., 775., 31., 2.8957107543945312e+01, 2.8028286760672927e-04,
       0, -1 ]
   - [ 921., 937., 31., 3.5966860961914062e+02, 3.0126949422992766e-04,
       0, -1 ]
   - [ 440., 1008., 31., 1.8589775085449219e+02, 2.7824827702715993e-04,
       0, -1 ]
   - [ 1070., 715., 31., 3.6944656372070312e+01, 4.0726078441366553e-04,
       0, -1 ]
   - [ 1014., 644., 31., 3.9626712799072266e+01, 3.3481311402283609e-04,
       0, -1 ]
   - [ 261., 925., 31., 3.4117883300781250e+02, 3.7370424252003431e-04,
       0, -1 ]
   - [ 987., 645., 31., 2.5364550781250000e+02, 2.5875822757370770e-04,
       0, -1 ]
   - [ 995., 699., 31., 3.3678909301757812e+02, 3.0957648414187133e-04,
       0, -1 ]
   - [ 1182., 519., 31., 1.3681566238403320e+01, 6.1504245968535542e-04,
       0, -1 ]
   - [ 1076., 573., 31., 1.9210556030273438e+02, 4.5820593368262053e-04,
       0, -1 ]
   - [ 1110., 647., 31., 3.2408465576171875e+02, 2.4925987236201763e-04,
       0, -1 ]
   - [ 934., 856., 31., 3.2524148559570312e+02, 2.3994446382857859e-04,
       0, -1 ]
   - [ 1098., 574., 31., 2.4697731018066406e+02, 2.7044292073696852e-04,
       0, -1 ]
   - [ 1049., 319., 31., 1.3159295654296875e+02, 5.6932336883619428e-04,
       0, -1 ]
   - [ 1072., 793., 31., 3.1280599975585938e+02, 2.7297507040202618e-04,
       0, -1 ]
   - [ 211., 940., 31., 3.7371097564697266e+01, 2.6581261772662401e-04,
       0, -1 ]
   - [ 974., 741., 31., 1.7668362426757812e+02, 2.7002827846445143e-04,
       0, -1 ]
   - [ 952., 635., 31., 7.7412948608398438e+01, 2.5002777692861855e-04,
       0, -1 ]
   - [ 957., 704., 31., 1.6465894699096680e+01, 5.9055851306766272e-04,
       0, -1 ]
   - [ 934., 764., 31., 3.5072201538085938e+02, 2.6708995574153960e-04,
       0, -1 ]
   - [ 959., 796., 31., 1.9786323547363281e+02, 2.7297518681734800e-04,
       0, -1 ]
   - [ 1132., 624., 31., 1.5379620361328125e+02, 2.4597978335805237e-04,
       0, -1 ]
   - [ 402., 810., 31., 2.4496066284179688e+02, 2.4496228434145451e-04,
       0, -1 ]
   - [ 958., 426., 31., 4.9207054138183594e+01, 3.6496389657258987e-04,
       0, -1 ]
   - [ 1171., 485., 31., 5.5729927062988281e+01, 2.4991368991322815e-04,
       0, -1 ]
   - [ 967., 319., 31., 2.6868045806884766e+01, 7.4742909055203199e-04,
       0, -1 ]
   - [ 823., 702., 31., 3.0479666137695312e+02, 3.2694442779757082e-04,
       0, -1 ]
   - [ 1231., 583., 31., 2.5730859375000000e+02, 2.4534852127544582e-04,
       0, -1 ]
   - [ 1548., 606., 31., 2.7982153320312500e+02, 1.7478134250268340e-03,
       0, -1 ]
   - [ 950., 859., 31., 3.2475866699218750e+02, 3.0383287230506539e-04,
       0, -1 ]
   - [ 985., 521., 31., 3.9733135223388672e+01, 3.7743226857855916e-04,
       0, -1 ]
   - [ 821., 653., 31., 2.9149499511718750e+02, 1.6366322524845600e-03,
       0, -1 ]
   - [ 1543., 605., 31., 3.1906243896484375e+02, 1.9299160921946168e-03,
       0, -1 ]
   - [ 928., 594., 31., 3.5970938110351562e+02, 3.1985982786864042e-04,
       0, -1 ]
   - [ 927., 821., 31., 1.3772673606872559e+00, 3.3258539042435586e-04,
       0, -1 ]
   - [ 984., 523., 31., 4.1607947349548340e+00, 5.7163229212164879e-04,
       0, -1 ]
   - [ 1022., 662., 31., 1.8769195556640625e+02, 2.5271266349591315e-04,
       0, -1 ]
   - [ 1078., 594., 31., 5.6830013275146484e+01, 4.3513963464647532e-04,
       0, -1 ]
   - [ 440., 684., 31., 1.7413236999511719e+02, 2.9908062424510717e-04,
       0, -1 ]
   - [ 1006., 662., 31., 2.3451452255249023e+00, 3.2618566183373332e-04,
       0, -1 ]
   - [ 374., 850., 31., 1.2129906463623047e+02, 3.5983056295663118e-04,
       0, -1 ]
   - [ 942., 655., 31., 7.2669591903686523e+00, 3.9108839700929821e-04,
       0, -1 ]
   - [ 934., 662., 31., 3.5620965576171875e+02, 2.8199757798574865e-04,
       0, -1 ]
   - [ 979., 685., 31., 5.6780944824218750e+01, 3.0873581999912858e-04,
       0, -1 ]
   - [ 1105., 868., 31., 4.3728984832763672e+01, 4.2147308704443276e-04,
       0, -1 ]
   - [ 995., 432., 31., 1.1255712509155273e+01, 2.9188036569394171e-04,
       0, -1 ]
   - [ 1048., 697., 31., 3.2117471313476562e+02, 3.2822234788909554e-04,
       0, -1 ]
   - [ 940., 445., 31., 3.8511985778808594e+01, 5.5914605036377907e-04,
       0, -1 ]
   - [ 946., 762., 31., 2.8367816162109375e+02, 4.5527738984674215e-04,
       0, -1 ]
   - [ 1550., 597., 31., 9.6073471069335938e+01, 1.3125372352078557e-03,
       0, -1 ]
   - [ 1543., 597., 31., 4.1086914062500000e+01, 1.3433970743790269e-03,
       0, -1 ]
   - [ 1018., 657., 31., 9.8507766723632812e+01, 2.3385306121781468e-04,
       0, -1 ]
   - [ 385., 934., 31., 9.0618982315063477e+00, 2.3588781186845154e-04,
       0, -1 ]
   - [ 936., 614., 31., 2.3319356441497803e+00, 2.3539568064734340e-04,
       0, -1 ]
   - [ 1091., 359., 31., 1.6747534179687500e+02, 2.3525839787907898e-04,
       0, -1 ]
   - [ 999., 487., 31., 2.9633792114257812e+02, 2.1235285385046154e-04,
       0, -1 ]
   - [ 1141., 793., 31., 1.5599356079101562e+02, 2.1661887876689434e-04,
       0, -1 ]
   - [ 1127., 534., 31., 2.0163816833496094e+02, 2.1857734827790409e-04,
       0, -1 ]
   - [ 1012., 769., 31., 3.3600650024414062e+02, 2.1874233789276332e-04,
       0, -1 ]
