%YAML:1.0
---
pts:
   - [ 747., 193., 31., 1.9687570190429688e+02, 2.9490719316527247e-04,
       0, -1 ]
   - [ 697., 452., 31., 6.2983427047729492e+00, 3.0304759275168180e-04,
       0, -1 ]
   - [ 723., 563., 31., 6.5587768554687500e+01, 5.4361694492399693e-04,
       0, -1 ]
   - [ 432., 370., 31., 2.2291731262207031e+02, 4.9488717922940850e-04,
       0, -1 ]
   - [ 821., 458., 31., 1.8143486022949219e+02, 3.6794153857044876e-04,
       0, -1 ]
   - [ 766., 215., 31., 2.1868597412109375e+02, 4.3308129534125328e-04,
       0, -1 ]
   - [ 788., 531., 31., 2.0490014648437500e+02, 5.4202921455726027e-04,
       0, -1 ]
   - [ 804., 486., 31., 2.3549137115478516e+01, 6.4464390743523836e-04,
       0, -1 ]
   - [ 811., 486., 31., 2.0670843505859375e+02, 3.0053185764700174e-04,
       0, -1 ]
   - [ 354., 284., 31., 3.5415023803710938e+01, 8.2043692236766219e-04,
       0, -1 ]
   - [ 790., 573., 31., 3.2008441162109375e+02, 3.7277373485267162e-04,
       0, -1 ]
   - [ 719., 236., 31., 1.5549520874023438e+02, 4.4737767893821001e-04,
       0, -1 ]
   - [ 734., 546., 31., 1.7960777282714844e+02, 8.1883755046874285e-04,
       0, -1 ]
   - [ 1032., 339., 31., 1.0177063751220703e+02, 4.0937439189292490e-04,
       0, -1 ]
   - [ 824., 319., 31., 1.7937940979003906e+02, 3.2563085551373661e-04,
       0, -1 ]
   - [ 585., 309., 31., 4.1749427795410156e+01, 3.6032829666510224e-04,
       0, -1 ]
   - [ 788., 525., 31., 1.9820405578613281e+02, 3.6469631595537066e-04,
       0, -1 ]
   - [ 645., 521., 31., 1.8370959472656250e+02, 3.8923489046283066e-04,
       0, -1 ]
   - [ 679., 416., 31., 1.3320196533203125e+02, 3.2258543069474399e-04,
       0, -1 ]
   - [ 753., 334., 31., 2.1259498596191406e+02, 5.2534724818542600e-04,
       0, -1 ]
   - [ 711., 347., 31., 1.4707901000976562e+02, 3.3276635804213583e-04,
       0, -1 ]
   - [ 807., 348., 31., 1.1580005645751953e+01, 3.7420823355205357e-04,
       0, -1 ]
   - [ 745., 544., 31., 4.7262221574783325e-01, 3.5459673381410539e-04,
       0, -1 ]
   - [ 777., 372., 31., 3.5499365234375000e+02, 3.8301391759887338e-04,
       0, -1 ]
   - [ 195., 223., 31., 4.3712028503417969e+01, 3.6560097942128778e-04,
       0, -1 ]
   - [ 709., 433., 31., 2.4399362182617188e+02, 4.4392500421963632e-04,
       0, -1 ]
   - [ 802., 423., 31., 2.6496069335937500e+02, 3.4551255521364510e-04,
       0, -1 ]
   - [ 733., 439., 31., 1.0128627777099609e+01, 3.2621622085571289e-04,
       0, -1 ]
   - [ 1231., 644., 31., 3.1212271118164062e+02, 7.1760092396289110e-04,
       0, -1 ]
   - [ 690., 445., 31., 1.0436977386474609e+02, 4.5921653509140015e-04,
       0, -1 ]
   - [ 819., 664., 31., 1.8041648864746094e+02, 3.4954707371070981e-04,
       0, -1 ]
   - [ 1246., 642., 31., 1.3443569946289062e+02, 4.3419259600341320e-04,
       0, -1 ]
   - [ 754., 413., 31., 1.2388803863525391e+02, 3.3452222123742104e-04,
       0, -1 ]
   - [ 676., 413., 31., 1.2820275878906250e+02, 4.5965399476699531e-04,
       0, -1 ]
   - [ 360., 369., 31., 3.1589389038085938e+02, 5.4750678827986121e-04,
       0, -1 ]
   - [ 763., 587., 31., 1.4131272315979004e+01, 3.9026301237754524e-04,
       0, -1 ]
   - [ 1023., 213., 31., 4.5494789123535156e+01, 4.3249133159406483e-04,
       0, -1 ]
   - [ 700., 302., 31., 2.3501020812988281e+02, 3.9465547888539732e-04,
       0, -1 ]
   - [ 713., 525., 31., 8.6773605346679688e+01, 5.3935719188302755e-04,
       0, -1 ]
   - [ 738., 454., 31., 2.8589617919921875e+02, 4.8945890739560127e-04,
       0, -1 ]
   - [ 729., 455., 31., 2.5448843383789062e+02, 6.2560668447986245e-04,
       0, -1 ]
   - [ 207., 371., 31., 3.1082394409179688e+02, 4.3774562072940171e-04,
       0, -1 ]
   - [ 746., 411., 31., 1.6451878356933594e+02, 3.6577729042619467e-04,
       0, -1 ]
   - [ 784., 601., 31., 1.7119496154785156e+02, 3.8615442463196814e-04,
       0, -1 ]
   - [ 823., 458., 31., 1.8188038635253906e+02, 6.7953253164887428e-04,
       0, -1 ]
   - [ 1243., 633., 31., 1.1327564239501953e+02, 3.9036286761984229e-04,
       0, -1 ]
   - [ 777., 500., 31., 1.5654983520507812e+02, 9.7282987553626299e-04,
       0, -1 ]
   - [ 427., 283., 31., 1.2930949401855469e+02, 5.9252121718600392e-04,
       0, -1 ]
   - [ 806., 402., 31., 1.7193344116210938e+02, 3.6969428765587509e-04,
       0, -1 ]
   - [ 790., 626., 31., 2.9431170654296875e+02, 6.9929478922858834e-04,
       0, -1 ]
   - [ 760., 482., 31., 2.9135816097259521e+00, 3.8372882409021258e-04,
       0, -1 ]
   - [ 820., 395., 31., 1.8986065673828125e+02, 4.7846394591033459e-04,
       0, -1 ]
   - [ 1232., 698., 31., 3.1027850341796875e+02, 6.4965581987053156e-04,
       0, -1 ]
   - [ 675., 296., 31., 3.4818557739257812e+02, 3.3424972207285464e-04,
       0, -1 ]
   - [ 1257., 699., 31., 2.2447250366210938e+02, 5.4921704577282071e-04,
       0, -1 ]
   - [ 1259., 616., 31., 1.3967735290527344e+02, 6.3023262191563845e-04,
       0, -1 ]
   - [ 800., 392., 31., 1.5471159362792969e+02, 6.7610776750370860e-04,
       0, -1 ]
   - [ 1022., 384., 31., 3.1677517700195312e+02, 3.5054373438470066e-04,
       0, -1 ]
   - [ 657., 291., 31., 1.0608718872070312e+02, 3.0521419830620289e-04,
       0, -1 ]
   - [ 682., 391., 31., 3.2234920501708984e+01, 5.1295815501362085e-04,
       0, -1 ]
   - [ 1235., 615., 31., 3.1102739334106445e+01, 1.1378626804798841e-03,
       0, -1 ]
   - [ 501., 379., 31., 1.2987699890136719e+02, 2.0159930863883346e-04,
       0, -1 ]
   - [ 585., 488., 31., 1.8180571794509888e+00, 2.4675094755366445e-04,
       0, -1 ]
   - [ 823., 337., 31., 1.7642485046386719e+02, 2.4212172138504684e-04,
       0, -1 ]
   - [ 736., 568., 31., 1.0387496948242188e+02, 2.5347826885990798e-04,
       0, -1 ]
   - [ 711., 560., 31., 1.2471568298339844e+02, 2.1588630625046790e-04,
       0, -1 ]
   - [ 728., 544., 31., 2.0748687744140625e+02, 2.0867802959401160e-04,
       0, -1 ]
   - [ 681., 496., 31., 5.0990367889404297e+01, 2.7120875893160701e-04,
       0, -1 ]
   - [ 453., 355., 31., 3.4027652740478516e+01, 2.0975008374080062e-04,
       0, -1 ]
   - [ 660., 523., 31., 8.0561477661132812e+01, 2.1688526612706482e-04,
       0, -1 ]
   - [ 518., 150., 31., 5.6968467712402344e+01, 2.0647596102207899e-04,
       0, -1 ]
   - [ 735., 133., 31., 1.7575006103515625e+02, 2.0736441365443170e-04,
       0, -1 ]
   - [ 787., 136., 31., 2.8963174438476562e+02, 2.7462330763228238e-04,
       0, -1 ]
   - [ 627., 345., 31., 8.0948280334472656e+01, 2.0715520076919347e-04,
       0, -1 ]
   - [ 659., 312., 31., 1.5069384765625000e+02, 2.3179217532742769e-04,
       0, -1 ]
   - [ 529., 497., 31., 2.1107984924316406e+02, 2.8661551186814904e-04,
       0, -1 ]
   - [ 815., 313., 31., 1.7757351684570312e+02, 2.0839326316490769e-04,
       0, -1 ]
   - [ 691., 806., 31., 1.9471101379394531e+02, 2.2113375598564744e-04,
       0, -1 ]
   - [ 805., 273., 31., 1.2901303100585938e+02, 2.2695130610372871e-04,
       0, -1 ]
   - [ 780., 376., 31., 3.4208221435546875e+02, 2.0701004541479051e-04,
       0, -1 ]
   - [ 735., 502., 31., 6.1925765991210938e+01, 2.3244912154041231e-04,
       0, -1 ]
   - [ 704., 373., 31., 2.2354476928710938e+02, 2.5403316249139607e-04,
       0, -1 ]
   - [ 429., 405., 31., 2.4045698165893555e+01, 2.0744407083839178e-04,
       0, -1 ]
   - [ 705., 472., 31., 2.0117324829101562e+02, 2.6422095834277570e-04,
       0, -1 ]
   - [ 609., 333., 31., 1.0014395904541016e+02, 2.1573805133812129e-04,
       0, -1 ]
   - [ 775., 266., 31., 1.2415041351318359e+02, 2.5868878583423793e-04,
       0, -1 ]
   - [ 816., 205., 31., 1.7696905517578125e+02, 2.6408175472170115e-04,
       0, -1 ]
   - [ 645., 433., 31., 1.7958602905273438e+01, 2.5691944756545126e-04,
       0, -1 ]
   - [ 692., 279., 31., 9.4851715087890625e+01, 2.8026005020365119e-04,
       0, -1 ]
   - [ 612., 152., 31., 3.3532791137695312e+02, 2.5274738436564803e-04,
       0, -1 ]
   - [ 451., 356., 31., 1.2422356605529785e+01, 2.0173139637336135e-04,
       0, -1 ]
