%YAML:1.0
---
pts:
   - [ 956., 597., 31., 1.1894288063049316e+01, 6.3333427533507347e-04,
       0, -1 ]
   - [ 971., 722., 31., 2.8389730453491211e+01, 8.4860407514497638e-04,
       0, -1 ]
   - [ 388., 920., 31., 3.3514434814453125e+02, 7.8958272933959961e-04,
       0, -1 ]
   - [ 476., 951., 31., 2.0188735961914062e+01, 7.6036219252273440e-04,
       0, -1 ]
   - [ 968., 850., 31., 6.8867233276367188e+01, 7.5973197817802429e-04,
       0, -1 ]
   - [ 116., 322., 31., 2.5544377136230469e+02, 9.9940679501742125e-04,
       0, -1 ]
   - [ 978., 361., 31., 2.6775085449218750e+01, 9.0393266873434186e-04,
       0, -1 ]
   - [ 131., 320., 31., 2.1020558166503906e+02, 8.5234874859452248e-04,
       0, -1 ]
   - [ 121., 320., 31., 2.8414031982421875e+02, 1.2358522508293390e-03,
       0, -1 ]
   - [ 951., 670., 31., 3.5991320800781250e+02, 6.6108687315136194e-04,
       0, -1 ]
   - [ 143., 514., 31., 1.8991227722167969e+02, 1.0141195962205529e-03,
       0, -1 ]
   - [ 1380., 598., 31., 3.3070831298828125e+02, 2.9572343919426203e-03,
       0, -1 ]
   - [ 1378., 598., 31., 3.3327536010742188e+02, 4.9949674867093563e-03,
       0, -1 ]
   - [ 978., 445., 31., 3.2835064697265625e+02, 1.3437793822959065e-03,
       0, -1 ]
   - [ 391., 1005., 31., 1.2323147583007812e+02, 7.8578095417469740e-04,
       0, -1 ]
   - [ 1381., 591., 31., 4.6730571746826172e+01, 2.2939871996641159e-03,
       0, -1 ]
   - [ 1377., 591., 31., 3.4454471588134766e+01, 2.5444717612117529e-03,
       0, -1 ]
   - [ 954., 869., 31., 3.3755722045898438e+02, 4.3268661829642951e-04,
       0, -1 ]
   - [ 995., 770., 31., 3.4748144531250000e+02, 4.4836662709712982e-04,
       0, -1 ]
   - [ 953., 781., 31., 3.4686389160156250e+02, 4.4611029443331063e-04,
       0, -1 ]
   - [ 385., 878., 31., 1.7496534729003906e+02, 5.1431293832138181e-04,
       0, -1 ]
   - [ 511., 697., 31., 1.8460113525390625e+02, 5.0613528583198786e-04,
       0, -1 ]
   - [ 1030., 498., 31., 1.7524380493164062e+02, 4.9141026102006435e-04,
       0, -1 ]
   - [ 1034., 637., 31., 2.0655320739746094e+02, 5.4427771829068661e-04,
       0, -1 ]
   - [ 483., 737., 31., 1.5575202941894531e+02, 4.4438193435780704e-04,
       0, -1 ]
   - [ 251., 755., 31., 1.3399547576904297e+01, 4.5171735109761357e-04,
       0, -1 ]
   - [ 403., 954., 31., 1.1430506134033203e+02, 4.7798798186704516e-04,
       0, -1 ]
   - [ 1011., 726., 31., 4.6440315246582031e+01, 5.6960433721542358e-04,
       0, -1 ]
   - [ 1154., 726., 31., 4.1477378845214844e+01, 4.7088894643820822e-04,
       0, -1 ]
   - [ 480., 536., 31., 5.2298912048339844e+01, 6.1354384524747729e-04,
       0, -1 ]
   - [ 456., 953., 31., 2.0165144348144531e+02, 5.2065233467146754e-04,
       0, -1 ]
   - [ 963., 727., 31., 1.7868510437011719e+02, 5.2505399798974395e-04,
       0, -1 ]
   - [ 969., 872., 31., 3.2452996826171875e+02, 4.5523844892159104e-04,
       0, -1 ]
   - [ 975., 606., 31., 7.4377998352050781e+01, 5.5276212515309453e-04,
       0, -1 ]
   - [ 966., 883., 31., 2.4479995727539062e+01, 5.3937971824780107e-04,
       0, -1 ]
   - [ 264., 825., 31., 3.1571124267578125e+02, 5.8304634876549244e-04,
       0, -1 ]
   - [ 108., 321., 31., 3.2317626953125000e+02, 4.9404409946873784e-04,
       0, -1 ]
   - [ 515., 640., 31., 1.9078604125976562e+02, 5.5459071882069111e-04,
       0, -1 ]
   - [ 1351., 300., 31., 1.3936831665039062e+02, 5.3148466395214200e-04,
       0, -1 ]
   - [ 1081., 698., 31., 2.7615957641601562e+02, 4.4808883103542030e-04,
       0, -1 ]
   - [ 1348., 422., 31., 2.2267462158203125e+02, 5.4058991372585297e-04,
       0, -1 ]
   - [ 333., 946., 31., 1.6410844421386719e+02, 4.8203193000517786e-04,
       0, -1 ]
   - [ 478., 879., 31., 2.8553582763671875e+02, 5.6080147624015808e-04,
       0, -1 ]
   - [ 1287., 653., 31., 1.8269683837890625e+02, 4.3576274765655398e-04,
       0, -1 ]
   - [ 1089., 864., 31., 9.9315643310546875e+01, 5.4087850730866194e-04,
       0, -1 ]
   - [ 1022., 678., 31., 3.2879800415039062e+02, 4.9699930241331458e-04,
       0, -1 ]
   - [ 1063., 592., 31., 3.4426812744140625e+02, 4.4198796967975795e-04,
       0, -1 ]
   - [ 1014., 784., 31., 3.3583569335937500e+02, 4.9655738985165954e-04,
       0, -1 ]
   - [ 1094., 606., 31., 5.6392736434936523e+00, 4.7200705739669502e-04,
       0, -1 ]
   - [ 210., 752., 31., 4.5554740905761719e+01, 3.6381653626449406e-04,
       0, -1 ]
   - [ 991., 683., 31., 1.9563247680664062e+02, 3.7160169449634850e-04,
       0, -1 ]
   - [ 947., 843., 31., 3.5930227661132812e+02, 3.8515360211022198e-04,
       0, -1 ]
   - [ 1081., 592., 31., 1.2405192375183105e+01, 4.2114336974918842e-04,
       0, -1 ]
   - [ 1161., 867., 31., 3.0077618408203125e+02, 3.9203261258080602e-04,
       0, -1 ]
   - [ 1168., 723., 31., 3.5746069335937500e+02, 3.9975659456104040e-04,
       0, -1 ]
   - [ 429., 641., 31., 6.1715286254882812e+01, 3.9560525328852236e-04,
       0, -1 ]
   - [ 954., 860., 31., 3.4378704833984375e+02, 3.6645118962042034e-04,
       0, -1 ]
   - [ 1045., 774., 31., 3.3568746948242188e+02, 4.1370498365722597e-04,
       0, -1 ]
   - [ 992., 635., 31., 1.6688516616821289e+01, 4.1692389640957117e-04,
       0, -1 ]
   - [ 1104., 763., 31., 3.4798454284667969e+01, 3.9308652048930526e-04,
       0, -1 ]
   - [ 1035., 530., 31., 5.8558616638183594e+01, 3.6884902510792017e-04,
       0, -1 ]
   - [ 484., 712., 31., 2.6794287109375000e+02, 4.0219890070147812e-04,
       0, -1 ]
   - [ 418., 938., 31., 2.2958609008789062e+02, 3.8554397178813815e-04,
       0, -1 ]
   - [ 967., 950., 31., 1.0920803833007812e+02, 2.9327155789360404e-04,
       0, -1 ]
   - [ 1060., 962., 31., 3.2370147705078125e+02, 3.3152781543321908e-04,
       0, -1 ]
   - [ 350., 987., 31., 2.4484746456146240e+00, 3.4358186530880630e-04,
       0, -1 ]
   - [ 948., 819., 31., 2.6779530048370361e+00, 3.5155465593561530e-04,
       0, -1 ]
   - [ 1075., 591., 31., 4.5906955718994141e+01, 2.9637845000252128e-04,
       0, -1 ]
   - [ 972., 745., 31., 8.6652229309082031e+01, 3.6065242602489889e-04,
       0, -1 ]
   - [ 1025., 803., 31., 4.3614910125732422e+01, 3.3583841286599636e-04,
       0, -1 ]
   - [ 349., 860., 31., 2.4662207031250000e+02, 3.2622390426695347e-04,
       0, -1 ]
   - [ 515., 1012., 31., 1.8496394348144531e+02, 3.5739384475164115e-04,
       0, -1 ]
   - [ 947., 535., 31., 3.5382113647460938e+02, 3.1247301376424730e-04,
       0, -1 ]
   - [ 1082., 706., 31., 6.4661499023437500e+01, 3.1648977892473340e-04,
       0, -1 ]
   - [ 429., 813., 31., 3.9539245605468750e+01, 3.1696926453150809e-04,
       0, -1 ]
   - [ 993., 784., 31., 3.5021542358398438e+02, 3.3027777681127191e-04,
       0, -1 ]
   - [ 946., 619., 31., 3.5924047851562500e+02, 3.1023146584630013e-04,
       0, -1 ]
   - [ 949., 735., 31., 3.5633084106445312e+02, 3.3406214788556099e-04,
       0, -1 ]
   - [ 973., 829., 31., 3.0724816894531250e+02, 3.3669912954792380e-04,
       0, -1 ]
   - [ 1061., 599., 31., 3.1047775268554688e+02, 3.0069245258346200e-04,
       0, -1 ]
   - [ 1000., 926., 31., 3.4394372558593750e+02, 3.1876694993115962e-04,
       0, -1 ]
   - [ 975., 908., 31., 2.0448713684082031e+02, 3.1871779356151819e-04,
       0, -1 ]
   - [ 1073., 723., 31., 3.6590633392333984e+01, 3.1566363759338856e-04,
       0, -1 ]
   - [ 1018., 690., 31., 3.3298980712890625e+02, 3.3147036447189748e-04,
       0, -1 ]
   - [ 168., 268., 31., 1.2316606140136719e+02, 2.7801163378171623e-04,
       0, -1 ]
   - [ 333., 751., 31., 8.7987770080566406e+01, 2.8217185172252357e-04,
       0, -1 ]
   - [ 1155., 509., 31., 2.6781454467773438e+02, 2.7986662462353706e-04,
       0, -1 ]
   - [ 475., 964., 31., 2.0918218994140625e+02, 2.8158011264167726e-04,
       0, -1 ]
   - [ 785., 678., 31., 3.6515468597412109e+01, 2.8651778120547533e-04,
       0, -1 ]
   - [ 1042., 359., 31., 1.2621311187744141e+02, 2.8603404643945396e-04,
       0, -1 ]
   - [ 1019., 722., 31., 2.5498443603515625e+01, 2.8091127751395106e-04,
       0, -1 ]
