%YAML:1.0
---
pairMat: !!opencv-matrix
   rows: 6
   cols: 2
   dt: i
   data: [ 0, 1, 0, 2, 0, 3, 1, 2, 1, 3, 2, 3 ]
matches_0:
   - [ 40, 231, 0, 2.3572653198242188e+02 ]
   - [ 167, 147, 0, 2.2919206237792969e+02 ]
   - [ 175, 128, 0, 1.3311648559570312e+02 ]
   - [ 199, 381, 0, 3.2724456787109375e+02 ]
   - [ 208, 375, 0, 1.6780345153808594e+02 ]
   - [ 231, 306, 0, 2.9692590332031250e+02 ]
   - [ 268, 378, 0, 1.9967222595214844e+02 ]
   - [ 274, 431, 0, 2.5888992309570312e+02 ]
   - [ 286, 375, 0, 1.6491816711425781e+02 ]
   - [ 290, 355, 0, 2.3814910888671875e+02 ]
   - [ 297, 342, 0, 3.3781356811523438e+02 ]
   - [ 298, 363, 0, 1.5514187622070312e+02 ]
   - [ 306, 306, 0, 2.3439495849609375e+02 ]
   - [ 308, 380, 0, 3.7031204223632812e+02 ]
   - [ 345, 390, 0, 3.4747229003906250e+02 ]
   - [ 349, 408, 0, 1.9439393615722656e+02 ]
   - [ 351, 367, 0, 2.3651004028320312e+02 ]
   - [ 359, 415, 0, 2.0420332336425781e+02 ]
   - [ 361, 396, 0, 1.3048754882812500e+02 ]
   - [ 380, 389, 0, 2.4123640441894531e+02 ]
   - [ 381, 422, 0, 2.9688885498046875e+02 ]
   - [ 390, 463, 0, 2.4169195556640625e+02 ]
   - [ 395, 458, 0, 1.0582060241699219e+02 ]
   - [ 398, 464, 0, 1.5820556640625000e+02 ]
   - [ 415, 435, 0, 2.2946676635742188e+02 ]
   - [ 418, 390, 0, 3.1387576293945312e+02 ]
   - [ 433, 435, 0, 3.0010498046875000e+02 ]
   - [ 440, 375, 0, 2.5200991821289062e+02 ]
   - [ 443, 472, 0, 1.4830711364746094e+02 ]
   - [ 444, 439, 0, 1.7815162658691406e+02 ]
   - [ 456, 468, 0, 2.1571508789062500e+02 ]
   - [ 470, 488, 0, 8.1627204895019531e+01 ]
   - [ 486, 472, 0, 1.8496755981445312e+02 ]
   - [ 490, 390, 0, 2.7263162231445312e+02 ]
matches_1:
   - [ 6, 314, 0, 2.9342291259765625e+02 ]
   - [ 49, 314, 0, 2.6554470825195312e+02 ]
   - [ 66, 81, 0, 3.3108609008789062e+02 ]
   - [ 81, 99, 0, 3.4342974853515625e+02 ]
   - [ 109, 160, 0, 2.3858122253417969e+02 ]
   - [ 201, 314, 0, 2.8334078979492188e+02 ]
   - [ 212, 443, 0, 3.2189904785156250e+02 ]
   - [ 219, 259, 0, 3.0833746337890625e+02 ]
   - [ 244, 160, 0, 2.8822735595703125e+02 ]
   - [ 256, 314, 0, 1.3171560668945312e+02 ]
   - [ 281, 314, 0, 2.9766760253906250e+02 ]
   - [ 285, 314, 0, 2.9827001953125000e+02 ]
   - [ 307, 314, 0, 3.0713189697265625e+02 ]
   - [ 313, 160, 0, 3.3091540527343750e+02 ]
   - [ 322, 314, 0, 2.4781040954589844e+02 ]
   - [ 342, 99, 0, 2.8426397705078125e+02 ]
   - [ 347, 399, 0, 3.2254147338867188e+02 ]
   - [ 356, 443, 0, 3.1021121215820312e+02 ]
   - [ 363, 160, 0, 3.1993750000000000e+02 ]
   - [ 385, 399, 0, 1.3666015625000000e+02 ]
   - [ 398, 160, 0, 3.0139010620117188e+02 ]
   - [ 420, 399, 0, 2.9482876586914062e+02 ]
   - [ 431, 399, 0, 2.7406204223632812e+02 ]
   - [ 446, 99, 0, 2.8878192138671875e+02 ]
   - [ 457, 160, 0, 2.3912130737304688e+02 ]
   - [ 462, 160, 0, 2.3758998107910156e+02 ]
   - [ 474, 399, 0, 2.9709930419921875e+02 ]
   - [ 482, 99, 0, 3.1693847656250000e+02 ]
   - [ 488, 160, 0, 2.0588589477539062e+02 ]
matches_2:
   - [ 49, 450, 0, 2.4003332519531250e+02 ]
   - [ 84, 450, 0, 2.2949073791503906e+02 ]
   - [ 138, 475, 0, 2.8905191040039062e+02 ]
   - [ 139, 450, 0, 2.5726834106445312e+02 ]
   - [ 182, 450, 0, 4.1316824340820312e+02 ]
   - [ 201, 475, 0, 2.2921823120117188e+02 ]
   - [ 226, 124, 0, 2.9094671630859375e+02 ]
   - [ 229, 450, 0, 3.1428967285156250e+02 ]
   - [ 281, 412, 0, 2.2301121520996094e+02 ]
   - [ 307, 475, 0, 2.7462155151367188e+02 ]
   - [ 316, 248, 0, 3.3158709716796875e+02 ]
   - [ 322, 475, 0, 2.6682766723632812e+02 ]
   - [ 342, 277, 0, 2.6034014892578125e+02 ]
   - [ 347, 475, 0, 3.1756100463867188e+02 ]
   - [ 356, 475, 0, 3.3442486572265625e+02 ]
   - [ 390, 450, 0, 2.6150143432617188e+02 ]
   - [ 394, 360, 0, 1.3466996765136719e+02 ]
   - [ 417, 277, 0, 3.2196893310546875e+02 ]
   - [ 420, 475, 0, 3.6818472290039062e+02 ]
matches_3:
   - [ 60, 259, 0, 2.9101031494140625e+02 ]
   - [ 218, 340, 0, 2.1335650634765625e+02 ]
   - [ 235, 373, 0, 2.6698126220703125e+02 ]
   - [ 243, 160, 0, 2.0931077575683594e+02 ]
   - [ 244, 160, 0, 3.0293234252929688e+02 ]
   - [ 312, 314, 0, 3.1476498413085938e+02 ]
   - [ 319, 99, 0, 3.8694055175781250e+02 ]
   - [ 332, 340, 0, 2.0763429260253906e+02 ]
   - [ 345, 160, 0, 3.6490136718750000e+02 ]
   - [ 360, 399, 0, 1.5439883422851562e+02 ]
   - [ 401, 399, 0, 1.1152130126953125e+02 ]
   - [ 407, 448, 0, 1.9503332519531250e+02 ]
   - [ 420, 160, 0, 3.3723284912109375e+02 ]
   - [ 438, 99, 0, 2.7071572875976562e+02 ]
   - [ 448, 160, 0, 2.0892343139648438e+02 ]
   - [ 464, 160, 0, 2.6468283081054688e+02 ]
   - [ 471, 399, 0, 2.2889299011230469e+02 ]
   - [ 487, 99, 0, 2.8228884887695312e+02 ]
   - [ 489, 443, 0, 3.0229953002929688e+02 ]
   - [ 495, 160, 0, 2.8674902343750000e+02 ]
matches_4:
   - [ 60, 364, 0, 2.5689688110351562e+02 ]
   - [ 225, 248, 0, 1.7467398071289062e+02 ]
   - [ 247, 395, 0, 2.2402232360839844e+02 ]
   - [ 276, 278, 0, 2.2222735595703125e+02 ]
   - [ 281, 52, 0, 1.0207839965820312e+02 ]
   - [ 319, 52, 0, 3.5016281127929688e+02 ]
   - [ 332, 395, 0, 2.8471563720703125e+02 ]
   - [ 344, 372, 0, 3.7202822875976562e+02 ]
   - [ 353, 248, 0, 1.8556130981445312e+02 ]
   - [ 376, 311, 0, 2.8006964111328125e+02 ]
   - [ 394, 248, 0, 1.9534072875976562e+02 ]
   - [ 417, 52, 0, 3.1057205200195312e+02 ]
   - [ 419, 52, 0, 1.8983413696289062e+02 ]
   - [ 464, 52, 0, 2.9896823120117188e+02 ]
   - [ 466, 248, 0, 2.7032757568359375e+02 ]
matches_5:
   - [ 17, 228, 0, 3.7172167968750000e+02 ]
   - [ 41, 256, 0, 2.6926937866210938e+02 ]
   - [ 147, 297, 0, 3.0472775268554688e+02 ]
   - [ 158, 256, 0, 2.5027984619140625e+02 ]
   - [ 178, 93, 0, 3.8240292358398438e+02 ]
   - [ 243, 256, 0, 2.3966642761230469e+02 ]
   - [ 244, 256, 0, 3.4404797363281250e+02 ]
   - [ 246, 297, 0, 2.7923107910156250e+02 ]
   - [ 267, 256, 0, 2.4725088500976562e+02 ]
   - [ 285, 256, 0, 3.0266152954101562e+02 ]
   - [ 320, 390, 0, 2.9751974487304688e+02 ]
   - [ 342, 297, 0, 1.8641888427734375e+02 ]
   - [ 349, 297, 0, 2.5496078491210938e+02 ]
   - [ 355, 297, 0, 2.7617022705078125e+02 ]
   - [ 407, 297, 0, 2.5553669738769531e+02 ]
   - [ 414, 256, 0, 3.1185894775390625e+02 ]
   - [ 435, 256, 0, 2.6046112060546875e+02 ]
   - [ 475, 256, 0, 2.6570660400390625e+02 ]
